0.7663
1.1378
1.3468
1.5790
1.9273
2.0666
2.1362
2.2988
2.4381
2.5774
2.8096
3.0186
3.1811
3.2972
3.5527
3.6223
3.8313
3.9938
4.2260
4.3886
4.4582
4.5279
4.6672
4.8298
5.0387
5.2013
5.5496
5.6889
5.9211
6.1533
6.3158
6.4319
6.5945
6.6641
6.8267
6.9195
7.1285
7.4304
7.5000
8.1038
8.2431
8.3824
8.5449
8.6146
8.7771
8.9861
9.1487
9.2415
9.2880
9.4505
9.5202
9.7524
9.8220
9.9846
10.1007
10.1936
10.3329
10.4258
10.4954
10.6580
10.7276
10.7973
10.9366
11.0991
11.2385
11.4010
11.5171
11.8422
12.2137
12.3762
12.5388
12.6084
12.7478
12.8406
13.1193
13.4211
13.5837
13.7230
14.0249
14.3267
14.6054
15.2323
15.5109
15.7431
15.9057
16.0450
16.2772
16.4397
16.5094
16.7184
17.1131
17.6239
17.9258
18.2277
18.5295
18.8082
19.1332
19.4351
19.5744
19.8066
19.9459
20.2478
20.5497
20.8515
21.1534
21.8964
22.1751
23.7308
31.6256
31.7417
35.6426
41.2154
41.7030
42.0281
42.7944
42.9105
43.4213
43.5142
43.9322
44.8610
45.0699
45.1396
45.9755
46.6489
47.3223
47.5080
47.6241
47.7170
47.8331
48.2278
48.5994
48.7387
48.9012
49.0405
49.3424
49.5049
49.6443
49.9461
50.0158
50.1087
50.2480
50.5266
50.7124
50.9214
50.9910
51.1303
51.4554
51.5251
51.5947
51.8966
52.0359
52.3378
52.5003
52.6396
52.8022
52.9415
53.0344
53.1040
53.4059
53.5220
53.7078
53.8471
54.0096
54.1489
54.2883
54.4508
54.5901
54.7062
54.9152
55.1242
55.3564
55.5886
55.7743
55.9601
56.0298
56.3316
56.5406
56.6335
56.7031
56.8424
57.1443
57.3068
57.4462
57.5390
57.7480
57.8177
57.9802
58.2124
58.3517
58.4214
58.7233
58.9555
59.0251
59.3966
59.6288
59.7914
59.9075
60.0700
60.4648
60.7434
60.9756
61.0453
61.2078
61.6490
61.9508
62.1134
62.2295
62.3920
62.5546
62.6939
62.7868
62.8564
62.9957
63.1351
63.2976
63.4369
63.5995
63.9013
63.9710
64.1335
64.2032
64.2496
64.5515
64.8301
65.1784
65.6893
65.9911
66.3626
67.1289
67.2218
67.3611
67.4307
67.5701
68.3363
68.6382
68.7543
69.3812
70.6583
70.9370
71.1227
71.1692
71.4014
71.8425
72.1444
72.3302
73.0500
73.1893
73.3518
73.5376
73.9323
74.2342
74.7683
74.8379
74.9772
75.1398
75.3023
75.4184
75.6042
75.7435
75.9525
76.2079
76.5562
76.9509
77.1599
77.3921
77.9726
78.1351
78.3441
79.1336
80.1553
80.6197
80.7590
81.3627
81.9664
82.2683
82.5702
82.8720
83.1739
83.2900
84.3349
84.4510
84.6832
86.2389
86.7033
86.8426
87.1445
87.3070
87.4463
87.7250
87.9107
88.3287
88.4912
88.6306
88.7931
89.0253
89.0950
89.2575
89.3968
89.4665
89.6290
89.7916
89.8612
89.9309
90.0238
90.1631
90.4417
90.5810
90.7436
90.9061
91.0454
91.2080
91.4866
91.6259
91.9278
92.0903
92.2529
92.3922
92.5547
92.6244
93.1352
93.2978
93.4371
93.6229
93.7390
93.8783
94.0408
94.5052
94.7374
94.9696
95.0625
95.1786
95.3876
95.6198
95.7127
95.8520
95.9913
96.1538
96.6647
96.9665
97.1291
97.4077
97.9418
98.1043
98.1740
98.2436
98.5455
98.7080
98.8473
99.0795
99.2189
99.4511
99.5439
99.6136
99.8922
100.3566
100.4960
100.6353
100.7978
100.9371
101.0997
101.2390
101.5409
101.6337
101.7034
101.8427
102.1446
102.2839
102.4464
102.7483
103.3520
103.4913
103.6539
103.7235
103.8629
103.9325
104.1647
104.4666
105.1400
109.5053
109.7839
116.0998
117.0518
117.0982
117.3537
118.3057
118.4682
118.8629
119.1880