0.6734
1.8576
2.1130
2.5774
2.8096
3.0650
3.3437
3.6455
3.8313
3.9474
3.9938
4.1332
4.2725
4.5279
4.8530
5.0387
5.3406
5.4335
5.7121
6.0372
6.2229
6.3158
6.3623
6.5248
6.6641
6.8034
6.9428
7.1285
7.2446
7.4072
7.5465
7.8483
8.1270
8.3127
8.4288
8.6146
8.7307
8.9165
9.0558
9.2183
9.3112
9.5202
9.6363
9.7988
9.9614
10.1007
10.2400
10.4258
10.5186
10.7276
10.8437
10.9830
11.1688
11.3081
11.4707
11.7493
12.0279
12.3762
12.6317
12.9335
13.2122
13.5372
13.6998
13.8391
14.1177
14.3267
14.4428
14.6054
14.7447
14.9072
15.0233
15.0698
15.3252
15.3716
15.6270
15.9289
16.1146
16.2307
16.4165
16.5326
16.8345
17.0202
17.1363
17.4382
17.6239
17.7168
17.7633
17.9258
18.0419
18.2277
18.3438
18.5295
18.6456
18.8314
18.9243
18.9707
19.1100
19.2493
19.4351
19.5512
19.8531
20.0156
20.1549
20.3175
20.4568
20.6193
20.7586
20.9212
21.2230
21.5249
21.8268
21.9661
22.1286
23.7540
27.0512
27.3531
27.6550
27.9568
28.0961
28.2819
28.3980
28.5605
28.8624
29.0249
29.1643
29.4661
29.7680
30.0466
30.3717
30.5110
30.6736
30.8129
30.9754
31.2773
31.4166
31.5791
32.1596
32.4615
32.7634
32.9027
33.0652
33.2045
33.3671
33.6689
33.8083
33.9708
34.2727
34.5513
34.8532
35.1550
35.2943
35.4801
35.6194
35.7587
36.0606
36.1999
36.3857
36.6643
36.9662
37.2448
37.5699
37.6860
37.8717
38.0111
38.1736
38.4755
38.6148
38.7773
39.0792
39.3578
39.6597
39.9615
40.1009
40.2634
40.4027
40.5653
40.8671
41.0064
41.1690
41.7263
41.8888
42.2139
42.3532
42.4925
42.7944
43.0962
43.3981
43.7000
43.8625
45.0699
45.3718
45.6504
45.9523
46.2541
46.5328
46.8346
47.1365
47.4384
47.7402
48.0421
48.2046
48.3439
48.5065
48.6458
48.8083
48.9244
49.1334
49.2495
49.4121
49.5282
49.7139
49.8300
50.0158
50.1319
50.4337
50.6195
50.7588
50.8981
51.0375
51.3393
51.6412
51.9198
51.9663
52.1288
52.2449
52.4074
52.5235
52.5700
52.8486
53.0112
53.1505
53.3130
53.4523
53.6149
53.7310
54.0328
54.1954
54.3579
54.5205
54.6830
54.9152
55.1474
55.5654
55.8440
56.1226
56.3316
56.4477
56.6102
56.7263
56.9353
57.0514
57.2140
57.3301
57.6319
57.8177
57.9338
58.1195
58.2589
58.4214
58.5375
58.7233
58.8394
59.1180
59.1644
59.3966
60.0468
60.2093
60.6273
60.9292
61.1381
61.2542
61.5329
61.7186
61.8347
62.0205
62.1366
62.3224
62.4385
62.6010
62.7403
62.9261
63.0422
63.2047
63.3440
63.5066
63.6691
63.8317
63.9710
64.1335
64.2728
64.5747
64.8766
65.1320
65.4571
65.5964
65.8982
66.2001
66.5020
66.6413
66.8038
67.0824
67.4075
67.8487
67.9880
68.2899
68.5917
68.7775
69.0329
69.3348
69.6366
69.9153
70.2404
70.4029
70.6815
70.9834
71.3085
71.4478
71.5871
71.8890
72.1908
72.3766
72.4927
72.6320
72.8178
73.0964
73.3983
73.5840
73.8395
74.0252
74.1413
74.4432
74.7218
74.7683
75.0237
75.0701
75.2094
75.4881
75.7899
75.9757
76.2543
76.4169
76.6955
76.9974
77.2992
77.4618
77.6011
77.9029
78.1816
78.3906
78.6692
78.9246
79.2265
79.5283
79.8302
80.0160
80.4571
80.6197
80.9215
81.0609
81.2002
81.6646
81.8039
82.2683
82.4076
82.5702
82.7095
82.8488
83.0113
83.3364
84.3581
84.5439
84.6600
84.9386
85.2405
85.5423
85.8442
86.1228
86.3318
86.4247
86.7265
87.0284
87.2141
87.3302
87.6321
87.8179
87.9572
88.0965
88.2590
88.4216
88.5377
88.7234
88.8395
89.0021
89.1414
89.3272
89.4433
89.6058
89.7683
89.8612
89.9309
90.0702
90.6275
90.8132
90.9293
91.1383
91.2544
91.4170
91.5331
91.7188
91.8349
92.0207
92.1368
92.3225
92.4386
92.6244
92.7637
92.9030
93.0656
93.2281
93.3442
93.6229
93.8086
93.9479
94.1105
94.2730
94.5284
94.7374
94.9464
95.4340
95.7359
95.9216
96.0377
96.3396
96.6415
96.8272
96.9433
97.1291
97.2452
97.4309
97.5702
97.6863
97.8489
98.0114
98.1275
98.4294
98.6151
98.7312
99.0331
99.2189
99.3814
100.2405
100.5424
100.7282
100.8443
101.1229
101.1693
101.4480
101.6105
101.7498
102.0517
102.3303
102.6322
102.8180
102.9573
103.1198
103.4217
103.7235
104.4434
105.0471
105.2328
105.3722
105.5115
105.6740
105.8133
105.9759
106.1152
106.2545
106.4171
106.5796
106.7189
106.8582
107.0208
107.3226
107.6245
107.9263
108.2282
108.3675
108.5301
108.6694
108.8087
108.9712
109.1106
109.2731
109.8536
111.2236
114.0332
114.2190
114.3583
114.5208
115.7283
116.6803
117.0982