0.6966
4.2957
9.0790
13.8623
15.1859
15.5109
15.8360
16.0914
16.3933
16.4397
16.7184
17.0202
17.1828
17.3453
17.6007
17.9026
18.1812
18.4831
18.8082
19.0868
19.1332
19.3887
19.6905
19.9924
20.3175
20.5497
20.6193
20.9212
21.1534
21.2230
21.5249
21.5946
21.7571
21.8964
27.0512
27.3531
35.5962
36.9894
47.5545
47.8795
47.9260
48.2046
48.7619
49.1102
49.3888
49.6907
49.9926
50.3176
50.6195
51.4786
51.5251
51.7805
51.8269
52.0824
52.3378
52.7093
52.9879
53.4756
53.5684
53.8935
54.1954
54.5205
54.8920
55.1474
55.7279
56.0065
56.3316
56.6102
58.3517
58.3982
58.7465
59.0251
59.7449
60.7202
61.0917
61.3936
61.6954
61.9508
62.0205
62.2991
62.6010
62.9029
63.2047
63.5066
63.6691
63.8317
63.9013
64.2032
64.5747
65.4338
65.6196
65.8982
66.2001
66.6645
67.1057
67.4075
67.8487
68.2899
68.6150
69.1955
69.4973
69.7992
70.1243
70.2636
70.7048
71.0066
71.4478
71.8890
72.1908
72.6552
73.0964
73.3983
74.6057
75.0469
75.5113
75.7899
76.2543
76.6955
76.9974
77.4618
77.9029
78.2048
78.6692
78.8317
79.4122
79.7373
80.0160
80.5965
81.2234
81.8271
82.4308
82.7327
85.8674
89.3039
90.7436
90.8132
91.1151
91.3937
91.6956
92.0207
92.2993
92.6012
93.1585
93.2049
93.4835
93.8086
94.1105
94.2730
94.5052
94.7142
95.3179
95.9449
96.5021
96.8272
97.1059
97.8721
98.2901
98.5919
98.8938
99.0795
99.2421
100.3799
100.7049
100.9836
101.2854
101.6105
101.8427
101.9124
102.1678
102.2142
102.4929
102.8876
103.2824
103.3520
103.4217
103.7235
103.7932
104.1415
105.0703
105.3025
105.7437
106.0455
106.2081
106.3474
106.5099
106.6493
106.9743
108.1585
109.8536