0.6734
2.5774
2.7400
2.9489
3.0883
3.2508
3.5527
3.8545
4.3654
4.4582
4.6904
4.9691
5.0620
5.5496
5.6192
5.9443
6.1533
6.4551
6.8267
7.4304
8.0341
8.3360
8.5449
8.6378
9.1487
9.2183
9.7524
10.3561
10.9598
11.4707
11.7725
11.9583
12.0744
12.3762
12.6084
12.6549
13.9320
15.1394
15.5341
15.7663
16.4397
21.1534
21.2230
21.5249
22.1286
23.1735
23.4754
23.7772
24.0559
24.3810
24.6828
24.9615
25.5652
25.8670
26.7726
26.9119
27.0745
27.3763
27.9568
28.2587
28.5838
29.4661
29.9305
30.3717
30.6736
31.1147
31.2773
31.5791
31.7185
32.7634
33.0884
33.3671
33.6689
34.5745
35.1782
35.4801
35.6426
36.0838
36.3624
36.6875
36.9894
37.5699
37.8717
39.0792
39.5204
39.9615
40.2634
40.8671
42.0281
42.9105
43.5142
47.3223
47.5545
47.6241
47.8563
48.2278
49.0405
49.6443
50.2480
50.8517
51.4554
51.8269
52.3378
52.4307
52.6396
52.9415
53.6381
53.8471
54.2186
54.9152
55.1474
55.2867
55.3564
55.7279
56.6335
57.5390
59.0251
59.9307
60.2326
60.6737
61.6490
61.9508
62.2527
62.5546
63.2279
63.8317
64.1335
65.1784
65.9215
66.2233
66.6877
67.1057
67.4075
67.8719
68.3131
68.6150
69.0794
69.2419
70.7048
71.0066
71.4710
71.9122
72.2141
72.6785
73.1196
73.4215
75.0701
75.5345
75.7435
75.8364
76.2776
76.7187
77.0206
77.4850
77.9262
78.1584
78.2280
78.8317
79.1336
83.1739
83.2900
83.7776
84.0795
84.3813
84.6832
85.2637
87.2374
87.4463
88.6538
89.3272
89.4897
89.6290
89.7916
89.8612
91.9510
93.2281
93.4603
93.5300
94.2730
94.5284
94.7374
94.8767
95.3411
95.4805
96.2235
96.3860
96.8272
97.4309
98.0346
98.5455
98.7777
99.0795
100.1244
100.2870
102.5393
103.1198
103.3520
103.5842
103.8861
104.7452
105.0471
109.8768
114.5208
116.0766
117.0982
117.2840
117.8645
118.0038
118.6075
118.8165
118.9558