14.2106
14.2571
14.8840
15.0001
15.4413
15.5806
15.6270
15.8128
15.9753
16.0218
16.2075
16.5790
16.9970
17.2060
17.3685
17.5775
17.7865
17.9722
18.1348
18.5760
18.7153
18.7617
18.9475
19.1100
19.1565
19.3190
19.7137
19.9459
20.5032
20.9212
21.1069
21.2695
21.7107
21.8732
22.1054
22.2679
22.4769
22.6859
22.8484
23.2896
23.6147
23.6611
23.8469
24.0559
24.4042
24.4506
25.0079
25.2401
25.4026
25.6116
25.9831
26.7726
26.9816
27.1906
27.3995
27.5389
28.1426
28.3748
28.5373
28.7463
29.1178
29.5590
29.9073
30.1163
30.3253
30.5342
30.6968
31.1147
31.2773
31.5095
31.6720
31.8810
32.2525
32.4847
32.6937
33.0420
33.2510
33.4600
33.6689
33.8083
33.8547
34.2494
34.4120
34.6442
34.8067
34.9925
35.0389
35.3872
35.8284
36.1767
36.3857
36.5946
36.8036
36.9662
37.4073
37.5467
37.5931
37.8021
37.9414
38.1504
38.5219
38.5683
38.7773
39.3114
39.7526
40.0776
40.1241
40.5420
40.6814
40.7278
40.9136
41.0761
41.2851
41.4941
41.6566
41.7030
42.0978
42.2835
42.4693
42.6551
42.8640
43.0730
43.2356
43.6535
43.8393
44.0250
44.2340
44.4198
44.6288
44.8145
45.0467
45.2325
45.4415
45.6040
45.7898
45.9987
46.2077
46.3702
46.7882
46.9740
47.1829
47.3687
47.5312
47.7634
47.9492
48.1814
48.3672
48.5761
48.7387
48.9477
49.1334
49.3424
49.5049
49.5514
49.7604
49.9461
50.1087
50.3176
50.5034
50.7124
50.9214
51.0839
51.3161
51.5251
51.7108
51.8734
52.0824
52.2913
52.4771
52.6396
52.6861
53.0576
53.2434
53.4756
53.6381
53.8471
54.0561
54.2186
54.6366
54.8688
55.0081
55.2171
55.4260
55.6118
55.7743
55.8208
56.2155
56.3780
56.6102
56.7728
56.9585
57.3533
57.5855
57.7712
57.9802
58.1428
58.3517
58.5607
58.7465
58.9322
59.3502
59.5360
59.9075
60.1165
60.3254
60.4880
60.9059
61.1149
61.2775
61.4864
61.7186
61.8812
62.0669
62.2991
62.4849
62.6474
62.9029
63.0422
63.2976
63.4369
63.8317
64.4122
64.6444
64.8533
65.0391
65.2016
65.6196
65.7821
66.0143
66.1769
66.3859
66.7574
67.1985
67.4075
67.5468
67.5933
67.7558
67.9880
68.3363
68.7775
68.9168
68.9633
69.1490
69.3116
69.5205
69.7527
69.8921
69.9385
70.1243
70.3332
70.5422
70.6815
70.7280
70.9137
71.1227
71.1692
71.4710
71.9122
72.0747
72.3069
72.4463
72.6552
72.8874
73.0268
73.0732
73.4679
73.6769
73.8395
74.0252
74.2574
74.4664
74.6057
74.8844
75.1862
75.2327
75.6042
75.7899
76.0454
76.1847
76.4169
76.6026
76.8116
76.9974
77.1831
77.6011
77.7404
77.7868
78.3441
78.5763
78.7389
78.9246
79.1568
79.3194
79.7605
80.1088
80.3178
80.5268
80.5732
80.7126
80.8751
80.9215
81.3163
81.4788
81.7342
81.8736
82.0825
82.2915
82.4541
82.6863
82.8952
83.0810
83.1971
83.4525
83.8705
84.0098
84.0562
84.6135
85.0083
85.1940
85.5888
86.0299
86.2157
86.3782
86.5872
87.0052
87.7482
88.1429
88.3519
88.7467
89.5129
89.9541
90.1399
90.3024
90.7436
90.8829
91.1151
91.2776
91.4866
91.6956
91.8581
92.2993
92.4851
92.6708
92.8566
93.0656
93.2513
93.4371
93.8551
94.0176
94.2498
94.4123
94.6213
94.9928
95.0393
95.2250
95.4340
95.6430
95.7823
95.9913
96.2003
96.4325
96.5718
96.9898
97.1523
97.3845
97.5470
97.5935
97.7560
97.9650
98.1275
98.1740
98.3829
98.5687
98.7777
98.9402
99.1260
99.3350
99.5207
99.7065
99.9619
100.1477
100.3102
100.5424
100.7049
100.8907
101.0997
101.2854
101.4944
101.7034
101.8892
102.0749
102.2607
102.4929
102.7019
102.8412
103.2824
103.4449
103.6771
103.8164
104.0254
104.2576
104.3969
104.4434
104.8381
105.0471
105.2096
105.3954
105.6276
105.8366
105.9759
106.4171
106.5796
106.8118
106.9743
107.1601
107.5548
107.7870
107.9728
108.1818
108.3443
108.5533
108.7623
108.9480
109.1106
109.1570
109.5517
109.7143
110.1090
110.3180
110.5270
110.6895
111.1075
111.3165
111.4790
111.6648
111.8970
112.0827
112.2685
112.5007
112.6864
112.8490
113.0812
113.2669
113.4527
113.6617
113.8474
114.0564
114.6137
114.8227
115.2174
115.4032
115.8444
115.9837
116.2159
116.3784
116.5874
116.8196
116.9589
117.2143
117.3769
117.5859
117.7484
117.9574
118.1663
118.3521
118.5379
119.1184
119.3506
119.5131
119.7221
120.0936
120.1400
120.3258
120.5348
120.7205
120.9063
121.5100
122.5317
122.6478
122.8800
123.2980
124.0642
124.6447
125.6664
125.8057
126.0611
126.6416
127.1757
127.7562
128.9404
129.1494
129.3816
130.3104
133.8630
136.3708
136.7655
136.9977
137.1835
137.3693
137.6015
137.7640
137.9498
138.1587
138.3445
138.5302
138.7624
138.9250
139.1572
139.3429
139.5519
139.7145
139.9234
140.1092
140.3182
140.4807
140.5272
140.9219
141.0844
141.3166
141.4792
141.6649
141.8971
142.0597
142.3151
142.4776
142.6634
142.7098
142.8724
143.0581
143.2903
143.4529
143.6386
143.8708
144.0566
144.2424
144.4513
144.6371
144.8229
145.0318
145.1944
145.4266
145.6356
145.8213
146.0071
146.1928
146.4018
146.6108
146.7733
147.0055
147.1913
147.3538
147.5860
147.7486
147.9576
148.1665
148.3291
148.3755
148.7702
148.9560
149.1185
149.1650
149.3275
149.5365
149.7455
149.9080
150.1402
150.3260
150.4885
150.7207
150.8833
151.0922
151.3244
151.4638
151.5102
151.6960
151.9049
152.0907
152.2765
152.4622
152.6712
152.8570
153.0427
153.6232
153.8786
154.0180
154.2269
154.4591
154.6217
154.8539
155.0396
155.2254
155.4112
155.5969
155.8059
156.2006
156.4328
156.5257
156.6186
156.8044
157.0133
157.1991
157.3152
157.3849
157.5938
157.7796
157.9654