2.3220
3.4598
3.8081
4.2725
4.4118
4.9226
5.6657
6.1068
6.6641
6.7802
6.8499
6.9660
7.3375
7.5929
7.9180
8.3592
8.7307
8.8932
9.2880
10.5419
11.0991
11.4010
12.6549
12.7942
12.9335
13.1425
13.3283
13.4211
13.6301
14.0481
15.0233
15.1394
15.5574
15.6735
15.8824
16.1843
16.3468
16.4862
16.6255
16.7648
17.2292
17.6472
17.7865
18.6921
18.9939
19.4583
19.5512
19.9924
20.1085
20.2942
20.6658
21.2230
21.4552
21.8964
21.9429
22.0590
22.2679
22.5466
22.6859
22.8717
23.4289
23.7076
23.8701
23.9862
24.5667
24.7525
25.0776
25.6116
25.8438
26.1224
26.2153
26.5172
27.3299
27.6550
28.3516
28.6534
29.5358
29.8609
30.1163
30.3949
30.5575
30.7897
30.9290
31.1147
31.2076
31.3469
31.7649
32.0668
32.2990
32.7401
32.8795
33.3206
33.5064
33.6689
33.9708
34.2959
34.6210
35.0157
35.1086
35.4104
35.5498
36.2231
37.1984
37.3145
37.5699
37.7789
38.4290
39.2417
39.5436
39.8919
40.0080
40.2402
40.4956
40.6581
40.7742
40.9368
41.0993
41.3315
41.6798
41.7727
42.0281
42.2371
42.6551
42.8640
43.0266
43.7696
44.1644
44.4198
44.5591
44.6752
44.8610
45.0932
45.3486
45.5343
45.7433
46.1148
46.4863
46.6721
46.7882
46.9043
47.3223
47.6241
47.7634
47.9724
48.2046
48.8780
49.0405
49.2727
49.4585
49.5514
49.8300
50.1783
50.5498
50.6659
51.1071
52.0359
52.1752
52.7325
52.8951
53.3362
53.4756
53.7310
53.9864
54.2650
54.9849
55.1010
55.5421
56.4013
57.3068
57.7480
58.4214
58.7233
58.9090
59.1412
59.4199
59.7217
59.9771
60.1397
60.8827
61.2078
62.0205
62.2063
62.8796
63.1583
63.5995
64.1567
64.4354
64.5515
65.0855
65.2945
65.6660
66.3859
66.6645
67.3379
67.7790
68.0577
68.5685
68.8239
69.3580
69.5205
69.7295
70.1010
70.2636
70.8673
71.0763
71.2620
71.3781
71.5871
71.7729
72.7481
73.4912
73.8627
74.0484
74.9540
76.2776
76.4401
76.7187
76.9509
77.5082
77.7404
77.9029
78.0655
78.2512
78.4370
78.7156
78.9943
79.4122
79.6212
79.8302
79.9927
80.6661
80.9448
81.1305
81.4092
81.9664
82.1986
82.3612
83.1739
83.3132
83.4525
83.8705
84.2420
84.4510
85.1011
85.5655
85.8442
86.3782
86.7265
87.3070
87.5160
87.6321
87.8875
88.0501
88.8395
89.0253
89.1646
89.5594
89.9077
90.5346
90.9526
91.5795
92.1136
92.7405
93.4139
93.9944
94.6445
95.0857
95.6430
96.2003
96.3628
96.5254
96.6647
96.7808
96.8504
97.0362
97.2220
97.3380
97.6631
98.4526
99.0563
99.4975
99.5439
99.8226
100.0083
100.6817
100.9604
101.5641
101.6802
102.0285
102.2839
102.4232
102.7715
102.8876
103.8629
103.9093
104.0022
104.4434
104.5595
104.7452
105.0935
105.3954
105.6740
106.0688
106.2313
106.3706
106.4867
106.6260
106.6725
106.9743
107.3226
107.9496
108.2979
108.3443
108.6694
108.7158
108.9016
109.5517
109.8304
110.2948
110.5502
111.0146
111.2468
111.3629
111.5951
111.8273
112.0595
112.2220
112.4542
112.7793
113.1276
113.1741
113.3366
113.4295
113.5920
113.7778
114.0332
114.2886
114.4279
114.6137
115.1478
115.3800
115.5425
115.6586
115.7979
115.9837
116.4481
116.8428
117.2143
117.4001
117.5859
117.6323
117.7716
117.9109
118.0502
118.2824
118.5146
118.7236
118.8862
119.0951
119.3506
119.9775
120.1633
120.3955
120.5812
121.4868
121.8351
122.2066
122.9497
123.1586
123.4837
123.6230
123.8552
124.6679
124.8305
125.0162
125.8986
126.1076
126.6649
127.0596
128.3135
128.4760
128.9868
129.5441
129.8460
130.0085
130.2639
130.6587
130.7283
130.8444
131.0999
131.2392
131.4017
131.7732
132.0054
132.0751
132.3305
133.3058
133.5612
133.9791
134.2810
134.7222
135.0473
135.2795
135.5349
136.2083
136.3940
136.7888
137.2764
137.5086
137.7872
138.4606
138.8785
139.6680
139.7145
139.9234
140.0628
140.4807
140.6665
140.8522
140.9683
141.2238
141.3863
142.1758
142.3615
142.5009
142.7331
142.8724
143.2439
143.8476
144.0566
144.3585
144.4978
144.9157
145.1712
145.6588
146.0767
146.2857
146.5876
147.5628
147.8182
148.0737
148.4452
148.6077
148.8399
149.0257
149.5365
149.8384
150.0938
150.1402
150.5350
151.1155
151.5799
151.7656
152.0675
152.2300
152.5087
153.2981
153.7393
154.2502
154.2966
154.5520
155.2951
155.4808
155.5505
156.0149
156.2239
156.2703
156.5025
156.6650
156.9437
157.2223
157.4777
158.4298
158.6155
158.7316
159.0102
159.1728
160.1480
161.0304
161.6573
161.8431
162.1449
162.7719
163.8632
166.3942
166.5103
166.6961
166.7425
167.3230
167.5088
167.7177
167.8803
168.0660
168.4376
170.7828
171.0846
171.2239
171.3400
171.5258
171.8044
172.0831
172.3849
172.6868
172.9422
173.0119
173.4066
173.7085
175.3339
175.5196
175.6590
175.9608
176.2162
176.5413
176.7735
176.9128
177.0754
177.3308
178.3989
179.7689
179.9546
180.0940
180.2565
180.4423
180.5351
180.6745
181.7890
181.9051
182.3231
182.6249
182.8804
183.4144
183.6234
183.7859
184.1575
184.4361
184.6915
184.8308
185.2488
185.5274
185.6668
185.8293
186.2240
186.5027
186.7813
186.9206
187.5011
187.7333
187.8959
188.0584
188.4299
188.6621
188.9872
189.1498
189.4284
189.7999
189.9624
190.1482
190.4268
190.6358
190.9145
191.2163
191.3789
191.9594
192.1916
192.3541
192.5166
192.8649
193.0739
193.1668
193.4454
193.6080
193.8402
194.1653
194.4207
195.1173
195.3727
195.5585
195.8603
196.3712
196.6730
197.0910
197.3000
197.5089
197.6483
197.8805
198.0430
198.3449
198.8325
198.9950
199.1808
199.4594
199.5755
199.9935
200.5275
200.6901
201.2473
201.6421
201.8278
202.7566
202.8960
203.0585
203.4765
205.5198
205.7056
205.8449
206.2164
206.4951
206.7969
207.1917
207.4006
207.7489
207.9347
208.4223
208.9099
209.9548
210.1406
210.9301
211.0926
211.2319
211.5802
211.9285
212.2304
212.8805
213.1824
213.3449
213.4610
213.6004
213.8326
213.9719
214.1809
215.1097
215.6669
215.8295
216.6190
216.8279
216.9440
217.3388
218.3140
220.9379
221.2165
221.7738
222.3078
222.6097
222.7722
223.3295
223.6082
224.1654
224.2815
224.6995
224.9781
225.1175
225.6747
225.8605
226.2088
226.7661
227.0679
227.5323
227.7645
228.0432
228.1825
228.6237
228.8791
229.1345
229.3667
229.7150
229.9937
230.1562
230.4813
231.1082
231.9441
232.8961
233.4302
233.6160
234.5912
235.1020
235.1717
236.7274
237.7491
237.8652
238.3064
238.8172
238.9798