2.5310
5.2477
6.2694
8.4056
8.6146
10.5651
11.8654
12.6317
12.8406
13.1193
13.3283
13.5140
13.9784
14.0713
14.3035
14.6750
14.8840
15.0465
15.6735
15.9985
16.4629
16.8112
17.0434
17.2524
17.4382
17.6472
18.0419
18.8082
19.1565
19.2029
19.4119
19.6209
19.8066
20.1549
20.3871
20.5729
20.7122
20.8515
20.9908
21.7339
21.9429
22.2912
22.5001
22.5466
22.6627
22.7091
22.7788
23.1039
23.3825
23.7076
23.9166
24.1255
24.3345
25.1008
25.3098
25.4259
25.6813
25.9831
26.2153
26.4011
26.6333
26.8655
27.0977
27.2370
27.3763
27.8175
28.1890
28.6302
28.8160
28.9321
29.1875
29.4197
29.6287
29.7912
30.0002
30.1859
30.5342
31.3702
31.4630
31.7185
31.9507
32.0900
32.1829
32.5079
32.7169
32.9027
33.1349
33.1813
33.3439
33.4832
33.6225
33.8083
34.0405
34.2727
34.4584
34.7138
35.1086
35.4569
35.5962
35.8284
36.0374
36.4785
36.6179
36.8268
37.6395
37.7324
37.9646
38.1736
38.5683
38.7773
39.1488
39.5668
39.7526
39.7990
40.0776
40.6349
40.7975
40.9136
41.1922
41.3083
41.5173
41.5637
41.8191
42.0978
42.3068
42.5390
42.7479
42.8873
43.0730
43.5374
43.7464
43.8625
44.3037
44.7449
45.0467
45.4415
45.8362
45.9987
46.4167
46.6721
46.8579
47.0668
47.2062
47.5312
47.8099
48.3904
49.0405
49.2031
49.3656
49.7604
49.8068
49.9926
50.1551
51.7108
52.1056
52.8951
52.9415
53.5684
53.7542
54.2650
54.7062
54.8688
54.9152
55.7511
56.7960
56.8889
57.3068
57.5855
58.0034
58.7465
59.1644
59.4199
59.5127
60.7434
61.2078
61.5329
62.6939
62.8796
63.1118
63.4834
63.7388
64.1103
64.6444
64.8998
65.3642
65.8286
66.0143
66.1537
66.2233
66.4323
66.6413
67.2218
67.4307
67.8487
68.2434
68.5221
68.7775
68.9865
69.3580
69.5670
69.6134
69.7760
70.1475
70.3797
70.5422
70.7744
70.9370
70.9834
71.1692
71.3085
72.1908
72.2373
72.4927
72.7481
72.9339
73.2590
73.3286
73.4447
73.7234
74.1181
74.3735
74.4896
74.7450
74.8844
75.3488
75.6274
76.0454
76.4169
76.6026
76.8580
77.0902
77.1367
77.4153
77.5546
78.0190
78.2280
78.3906
78.9246
79.3658
79.5980
79.9695
80.2482
80.4571
80.5965
80.8287
81.3395
81.9200
82.1058
82.7095
82.8952
83.0810
83.3596
83.6383
83.7544
83.8937
84.2652
84.4974
85.1708
85.3798
85.6352
85.6816
85.8442
86.2621
86.8659
87.0284
87.0748
87.2141
87.7018
87.7946
87.9572
88.1429
88.3751
88.6538
88.7699
88.9556
89.3504
89.4897
89.6290
89.9309
90.7668
91.1151
91.4402
91.7188
91.7653
92.0671
92.3225
92.3690
92.4851
92.9495
93.0888
93.3442
93.5300
93.7854
94.0640
94.5052
94.9464
95.0857
95.2483
95.5733
95.6430
96.2235
96.5950
96.8737
97.0362
97.2684
97.4077
97.8024
97.8489
97.9882
98.0579
98.3597
98.6616
98.7777
99.2189
99.5439
99.9851
100.1709
100.3566
100.7049
101.5176
101.5873
101.9124
102.0517
102.7019
103.0966
103.6771
103.7235
103.9325
105.0935
105.1400
106.2545
106.4403
106.6957
106.9511
106.9976
107.1369
107.7870
107.9728
108.4604
108.9248
109.3892
110.0161
110.3877
111.1539
111.5719
111.9434
112.3614
112.5936
113.1973
113.3366
113.6849
113.7313
114.0564
114.7298
116.2159
116.4713
116.5874
116.7964
116.8428
117.2143
117.4465
117.6323
117.9109
118.0270
118.1663
118.3985
118.9558
119.2112
119.3041
119.5595
119.8150
119.9775
120.1865
120.3722
120.5348
120.5812
120.8134
120.9760
121.3475
121.4636
121.7887
121.9512
121.9976
122.1370
122.4853
122.7407
122.8103
123.7391
123.9713
124.0874
124.4357
124.9234
125.2717
125.4342
126.0611
126.3166
126.4559
126.6184
126.8042
127.0364
127.5704
127.7098
128.1741
128.5689
130.0782
130.3800
130.7516
131.0070
132.0287
132.3537
133.8630
134.6757
135.4652
135.6510
136.1618
136.3244
137.1835
138.1123
138.7160
138.8785
140.1324
140.5272
140.9451
141.9204
142.0365
142.4544
142.8956
143.4761
143.8708
143.9869
144.0798
144.2656
144.3585
144.6835
144.8693
145.1247
145.7981
146.2161
147.2145
147.2842
147.5860
147.9808
150.3956
150.8833
151.4173
151.6960
152.1139
153.8554
154.3198
154.5288
154.6449
155.1093
155.4112
155.5273
155.7130
156.7115
156.9205
157.2223
157.3152
157.4081
157.6867
157.9886
158.3833
158.4762
158.7548
159.0567