2.3220
2.8328
2.8793
3.3901
3.4366
3.9474
4.5047
5.0620
5.6424
6.1765
6.7338
7.3143
7.5929
7.8483
8.4056
8.7539
8.9629
9.5202
10.0775
10.6347
11.1920
11.7493
12.3066
12.8406
13.4211
13.9552
14.5125
15.0930
15.6270
16.1843
16.7416
17.2756
17.3221
17.8561
18.4134
18.9707
19.5048
19.5512
20.0853
20.6425
21.1766
21.7339
22.2912
22.8484
23.4057
23.9862
24.5203
25.0776
25.6116
25.6580
26.1921
26.7262
26.7726
27.3067
27.8407
28.4212
28.9553
29.5358
30.0698
30.6271
31.1612
31.2076
31.7649
32.2990
32.8562
33.3903
33.4367
33.9708
34.5049
35.0621
35.1086
35.6426
36.1767
36.7340
37.2912
37.8485
38.4058
38.9631
39.5204
40.0776
40.6349
41.1690
41.7495
42.2835
42.8408
43.3981
43.9554
44.5127
45.0699
45.3486
45.6040
46.1845
46.2309
46.7418
47.2990
47.8331
48.4136
48.8780
48.9709
49.2727
49.5282
50.0622
50.6195
51.1768
51.7341
52.0359
52.2913
52.8254
52.8718
53.4059
53.7310
53.9632
54.5205
55.0777
57.7248
57.8873
58.0499
58.1428
58.4214
58.7000
58.9555
59.1412
59.3966
59.5592
59.8146
59.9539
60.2558
60.3719
60.6505
60.9292
61.1846
61.6258
61.7651
62.1830
62.4617
62.6010
62.8796
63.1351
63.4137
63.5995
63.8317
63.9942
64.3889
64.6908
64.8301
65.0855
65.3642
65.6428
66.0608
66.2233
66.3859
66.5020
66.6413
66.9199
67.0592
67.3146
67.5701
67.8719
68.0809
68.2899
68.4292
68.8472
69.1258
69.2651
69.5438
69.7992
70.0778
70.4958
70.6583
71.0531
71.3781
71.4942
71.7497
72.0283
72.3069
72.5624
72.7249
72.8874
73.2822
73.5840
73.7234
73.9788
74.2342
74.2806
74.5361
74.7915
74.9540
75.0933
75.3488
75.5345
75.8132
75.9293
76.1847
76.4633
76.7420
76.9277
77.0438
77.1831
77.3224
77.6243
77.7404
78.0423
78.1584
78.4370
78.6924
78.9711
79.2497
79.3890
79.5516
79.8302
79.9463
80.2482
80.3875
80.6197
80.6661
80.8983
80.9448
81.2002
81.3627
81.5020
81.6414
81.7807
82.0593
82.1754
82.4773
82.5934
82.8488
83.1274
83.4061
83.7079
83.8473
83.9866
84.2420
84.2884
84.4278
84.6832
84.8225
85.1011
85.3566
85.6352
85.9138
86.0764
86.2157
86.4943
86.6104
86.9123
87.0516
87.3070
87.5857
87.8643
88.0501
88.1429
88.2823
88.4448
88.7234
88.8395
89.1414
89.2575
89.4200
89.5361
89.7916
90.0934
90.3488
90.5114
90.6507
90.9293
91.0687
91.3705
91.4866
91.6492
91.7653
92.0207
92.2993
92.5780
92.7173
92.8798
93.1352
93.9712
94.5052
95.0857
95.6198
96.2003
96.5254
96.7343
97.3148
97.8257
97.8721
98.4294
98.9634
99.5439
100.0548
100.1012
100.6353
101.1926
101.7498
102.2839
102.8644
103.3985
103.9557
104.0022
104.5362
105.0935
105.6276
106.0688
106.2081
106.7421
107.2762
107.3226
107.8335
108.4140
108.9480
109.5053
109.5517
110.0626
110.6199
110.6663
111.1771
111.7344
112.2685
112.7561
112.8490
113.4063
113.7081
113.9403
113.9868
114.2654
114.4976
114.9852
115.0549
115.1013
115.5193
115.6354
115.9140
116.1694
116.4713
116.7499
117.1911
117.3072
117.6323
117.7484
117.8645
118.1431
118.3985
118.7004
118.8629
118.9790
119.4202
119.5131
119.9775
120.3722
120.5348
120.6277
120.9063
121.1849
121.4868
121.6261
121.7422
122.1834
122.3227
122.4853
122.6014
122.8336
123.1586
123.3908
123.4373
123.9481
124.4125
124.5518
124.8073
125.0627
125.3878
125.6200
125.8986
126.1772
126.6649
127.0596
127.5937
128.3135
128.8243
129.1494
129.2655
129.5441
129.7995
130.0782
130.2407
130.5194
130.6587
130.9373
131.0766
131.3553
131.4946
131.6571
131.7500
132.0287
132.2841
132.3305
132.5859
132.7485
132.8878
133.1432
133.2825
133.5844
133.7005
133.8863
133.9791
134.2578
134.5132
134.7918
134.9776
135.0937
135.3723
135.5117
135.8135
135.9296
136.2083
136.4637
136.7423
137.0210
137.1835
137.3228
137.5086
137.6015
137.7640
138.0194
138.1587
138.3213
138.4141
138.6928
138.9714
139.2501
139.4126
139.5519
139.8306
139.9467
140.2485
140.3878
140.6433
140.9219
141.2005
141.3863
141.4792
141.6185
141.7578
142.0597
142.1758
142.4776
142.5937
142.7795
142.8724
143.1278
143.4297
143.7083
143.8476
143.9869
144.2888
144.4049
144.7068
144.8229
144.9854
145.1015
145.3569
145.6588
145.9142
146.0535
146.2161
146.4715
146.6340
146.7733
146.9127
147.0288
147.3074
147.5860
147.8647
148.0504
148.3059
148.4452
148.7238
148.8399
149.1418
149.2579
149.4204
149.5365
149.8151
150.0938
150.3724
150.5117
150.6511
150.9529
151.0690
151.3709
151.4870
151.7656
152.0210
152.2997
152.4854
152.7409
152.8802
153.1588
153.2981
153.6000
153.7161
153.8554
153.9715
154.2269
154.2734
154.5288
154.8074
154.9468
155.1093
155.3879
155.5273
155.8059
155.9220
156.0845
156.2006
156.4793
156.7347
157.0366
157.1759
157.3152
157.6171
157.7332
158.0350
158.1511
158.4298
158.6852
158.9870
159.2424
159.4050
159.5443
159.8229
159.9623
160.2641
160.3802
160.5195
160.6589
160.9143
161.1697
161.2161
161.4716
161.6341
161.7734
162.0521
162.1682
162.2146
162.3307
162.4700
162.5861
162.7487
162.8648
163.1434
163.4220
163.7007
163.8400
163.9793
164.2580
164.5134
164.9313
165.3493
166.4174
166.6961
167.7177
167.8803
168.6698
168.9484
169.3663
169.7843
170.8756
172.3153
173.1280
173.4066
173.8014
174.0103
174.2425
174.5212
175.0785
175.3803
175.5196
175.6357
176.1930
176.7503
177.0522
177.2844
177.5630
177.6094
177.8416
178.2364
178.4221
178.6776
178.9562
179.5135
179.9546
180.0707
180.6280
181.1853
181.7426
182.2999
182.8571
183.4144
183.6234
185.5274
185.6435
185.8990
186.0383
186.2008
186.4795
186.7581
186.9206
187.1993
187.3154
187.5011
187.6172
187.7333
187.8727
188.0584
188.1745
188.4067
188.7086
188.9640
189.4284
189.5213
189.9624
190.1018
190.3804
190.6358
190.9145
191.1931
191.7272
191.7736
192.0290
192.1916
192.3077
192.5863
192.8417
193.1436
193.3990
193.8402
193.9563
194.4207
194.5368
194.8386
195.0708
195.3495
195.6281
196.0693
196.1854
196.6498
196.7427
197.0445
197.2767
197.3232
197.5786
197.8572
198.3913
202.0833
202.8960
203.0817
203.2907
203.4300
203.9409
204.2427
204.4981
204.8232
204.9625
205.1019
205.3805
205.5198
205.6591
205.8217
205.9146
206.1700
206.2164
206.4718
206.7505
207.0291
207.1684
207.3078
207.6096
207.7257
208.0276
208.1437
208.4223
208.7010
208.9564
209.1654
209.2815
209.3976
209.5369
209.8155
209.9548
210.2567
210.3728
210.5353
210.6514
210.9068
211.2087
211.4873
211.6267
211.7660
212.0214
212.2072
212.4858
212.6019
212.7644
212.8805
213.1360
213.4146
213.6236
213.7397
213.8558
213.9951
214.2737
214.3898
214.6917
214.8310
214.9703
215.0864
215.3651
215.6437
215.9456
216.0617
216.2242
216.5029
216.6190
216.7815
216.9208
217.0369
217.1995
217.3156
217.5710
217.8728
218.1283
218.2908
218.4301
218.7320
218.8481
219.1499
219.2660
219.4286
219.5215
219.8001
220.0787
220.3574
220.5199
220.6592
220.9379
221.0772
221.2165
221.4487
221.7506
222.0292
222.3078
222.5865
222.7258
222.8883
223.1670
223.3063
223.6082
223.7010
223.9797
224.2583
224.5137
224.8156
224.9549
225.1175
225.3961
225.5122
225.8373
225.9766
226.0927
226.2088
226.4642
226.7429
227.0447
227.1840
227.3234
227.6020
227.7413
228.0432
228.1593
228.2986
228.4147
228.6933
228.9720
229.1577
229.2738
229.3899
229.5525
229.8079
229.9704
230.1098
230.3652
230.5277
230.6438
230.8992
231.2011
231.4797
231.6190
231.7584
232.0602
232.1763
232.4782
232.5943
232.8729
233.1283
233.4070
233.5927
233.7088
233.8482
233.9875
234.2661
234.4054
234.7073
234.8234
234.9859
235.1020
235.3575
235.6361
235.9147
236.0773
236.2166
236.4952
236.6113
236.6578
236.9132
237.0293
237.3079
237.5866
237.8420
238.1439
238.2832
238.4225
238.7011