14.2106
14.2571
17.4150
17.4614
19.6441
20.3871
21.9893
22.9645
23.4986
23.7540
23.8701
25.1240
26.2153
27.3763
28.6999
29.9537
30.5342
31.4630
31.9042
32.5544
33.6689
35.5265
36.1999
36.7572
36.8268
37.6395
38.0807
39.3346
39.7526
40.5653
40.7046
40.9368
41.7030
42.3300
42.8873
43.6303
43.8393
44.4662
45.0467
45.4182
46.0220
46.8346
46.9740
47.6241
47.9724
48.5761
49.1566
49.2031
50.1087
50.8981
51.2929
51.5251
51.7341
52.3146
52.6629
53.2434
54.2650
54.8455
55.4260
55.7047
56.1923
56.3780
57.0050
57.3997
57.5855
58.5607
59.3734
59.5360
60.1629
60.5344
61.1149
61.1614
61.3703
61.6722
62.0902
62.2991
62.5081
62.6939
62.7403
63.5298
63.8549
64.5283
64.6676
65.8982
66.2698
67.4075
70.9834
71.3085
71.7264
71.9122
72.7017
76.4633
76.6259
77.5779
78.9711
80.1785
80.7126
83.2900
83.7079
83.8705
86.4247
86.9820
88.1662
88.3751
88.7467
89.0485
89.9541
90.8132
90.9293
91.9046
92.5083
93.0656
94.0873
94.6445
95.0393
95.2250
95.8984
96.2235
96.9898
97.1755
97.6631
97.8257
98.1740
98.4526
98.7777
99.1260
99.3582
100.3102
100.5424
100.6817
100.9371
101.1229
101.1693
101.5176
101.7266
102.0517
102.4697
102.5161
102.8876
103.0734
103.3056
103.5378
103.7235
103.7932
103.9325
104.1183
104.4434
105.0471
105.6276
106.2545
106.5796
106.9976
107.1601
107.4387
107.5780
107.7870
107.9960
108.1818
108.7623
109.1570
109.5750
109.7375
110.7360
111.2932
111.8970
112.5007
112.6864
112.8954
112.9419
113.6849
113.7546
114.0564
115.0549
115.2639
115.6586
115.8444
116.6106
117.7716
118.4218
118.8629
119.2112
119.6060
120.5580
121.4171
121.7190
122.7407
122.9497
123.8785
124.1339
124.6912
127.1757
129.2190
130.3336
131.1231
131.8893
132.7253
133.5147
136.3476
136.4172
137.6015
137.9730
138.2748
138.3677
138.7857
138.9482
139.1572
139.3662
140.7129
141.3399
141.7346
142.6402
142.7331
143.0814
143.2903
143.6619
143.8476
144.1030
144.2424
144.4513
144.7068
144.8693
145.0551
145.4266
146.4018
147.0055
148.3755
148.5845
148.9328
149.5365
149.7687
150.1170
150.2563
150.4885
150.5350
150.7439
151.1387
151.5102
151.6960
152.3693
152.6944
153.0892
153.8786
154.2502
154.5288
154.6449
155.2486
155.5969
155.8291
156.2239
156.4328
156.7115
156.9669
157.5938
157.9654