0.1161
1.5557
2.3220
2.4149
2.8793
2.9489
3.4366
4.8530
5.3638
5.4102
6.1068
6.6641
7.0589
7.5929
8.3360
8.8700
9.2648
9.8453
10.5419
11.8422
12.0512
12.3298
12.7710
13.7462
14.2803
15.0001
15.5341
15.9753
16.5094
17.2292
17.7865
18.7385
19.0868
19.4583
19.9924
20.1085
20.4336
20.6658
21.2230
21.6642
22.6627
23.1735
23.7308
23.8701
24.4274
24.8686
25.3794
26.1224
26.6333
27.0512
27.6085
28.3283
28.8856
29.3036
29.8144
30.5575
31.1147
31.5095
32.0668
32.7866
33.3206
33.7154
33.7618
34.2959
35.5498
35.6194
35.7355
36.5018
37.2448
37.7789
38.2200
38.7309
39.4507
39.9848
40.9368
42.5854
43.9089
44.1644
44.4198
46.1148
47.5312
47.6241
48.3439
48.9012
49.1799
49.2960
49.8532
50.4105
51.2929
51.4090
52.0591
53.4988
53.7542
56.7031
57.3301
57.5623
57.8873
58.0499
58.4446
58.7233
59.1644
59.5127
59.5592
59.6753
59.9075
60.2790
61.0220
61.3936
61.4400
61.8580
62.4849
62.6242
63.1351
63.4369
63.5995
64.1335
64.4354
64.6908
64.8533
65.3874
65.6660
65.8518
66.3859
66.5948
66.9431
67.0592
67.5933
67.9416
68.0809
68.8704
69.1490
69.2883
69.6599
69.8224
70.0314
70.3100
70.5422
70.8441
71.2853
71.3781
71.5175
72.0283
72.3302
72.4463
72.4927
73.3286
73.6073
73.7466
74.2574
74.6986
74.9540
75.2327
75.2791
75.8132
75.9525
76.4865
76.9509
77.5082
77.6243
78.0190
78.1816
78.6692
78.7389
78.9478
79.1336
79.8302
79.9927
80.2714
80.4107
80.5965
80.7358
80.8983
80.9448
81.3859
82.1986
82.4773
82.6166
83.0346
83.1739
83.2900
83.4525
83.8705
84.1723
84.3581
84.7296
84.8457
85.3798
85.7281
85.8442
86.4015
86.6569
86.8194
86.9355
87.0748
87.4463
87.5160
87.6321
87.8875
88.6073
89.0485
89.1646
89.3039
89.6987
90.0934
90.2560
90.4417
90.9293
91.1151
91.3705
91.5563
91.8814
92.0671
92.5083
93.0424
93.3442
95.0161
95.1786
95.5501
95.7127
95.9681
96.5021
97.2220
97.7792
98.1740
98.7312
99.4278
99.9851
100.4031
100.9371
101.6570
102.2142
103.1663
103.9093
104.4434
104.7452
104.8613
105.3954
105.9294
106.0688
106.6493
106.9511
107.0672
107.6477
107.9496
108.3443
108.8784
109.3195
109.8072
110.5502
111.0843
111.7112
112.7561
113.3366
113.7081
114.2886
114.9852
115.2871
115.5425
115.8444
117.1911
117.7716
118.1663
118.8397
119.4202
119.9775
120.3722
120.9063
121.6493
122.2066
122.4853
122.6014
123.1819
123.6927
123.8785
124.1803
124.4357
124.7144
124.8305
125.3413
125.3878
126.1076
126.3398
126.6649
126.9435
127.0596
127.6169
129.0101
129.1726
129.8460
130.2639
130.4265
130.5658
130.8444
131.1695
131.3785
131.9590
132.1215
132.5395
132.9575
133.1432
133.6076
133.7469
134.2810
134.7222
135.0008
135.2562
135.4884
135.5581
135.6974
135.7903
135.8367
135.9528
136.7655
137.5086
137.6479
137.6943
138.0426
138.1820
138.8321
139.0643
139.1804
140.1556
140.2717
140.4111
141.2238
141.3863
141.6649
141.9900
142.4776
142.6170
142.7331
143.1742
143.5922
144.7068
144.9157
145.3801
145.7749
146.1000
146.3786
146.9127
147.0752
147.2377
147.5164
147.6325
148.0737
148.5613
148.6077
148.7238
148.9560
149.1418
149.3043
149.7223
149.8616
150.2795
150.4189
150.5582
150.9529
151.3709
151.5102
151.9514
152.0675
152.5087
152.6944
152.9963
153.0427
153.1820
153.6000
153.7393
154.1341
154.3663
154.5288
154.6217
154.7378
154.8539
154.9932
155.2718
155.4808
155.8059
155.9452
156.1310
156.3864
156.5025
156.9437
157.0830
157.2223
157.4545
157.7332
157.7796
158.0350
158.1743
158.4530
158.6155
158.7316
159.1496
159.4282
159.7068
160.2641
160.4034
160.8214
161.3787
161.9127
162.4700
162.6326
162.6790
163.1666
163.5846
163.8864
165.3957
171.4329
172.5475
178.3060
179.6992
185.4113
186.5027
187.7566
188.0584
188.1745
188.7318
189.4284
189.7999
189.9624
190.1714
190.4036
190.7287
190.9609
191.2395
191.4021
191.5182
191.6575
192.1916
192.5863
193.1668
193.5848
193.8402
194.4207
194.8619
195.3959
196.0925
196.6498
197.0678
197.4393
197.6250
197.8108
197.9733
198.3216
199.1111
201.1545
201.6421
202.0600
202.5477
202.7566
202.9888
203.0585
203.2907
203.7319
204.2892
204.6375
204.7536
204.8697
205.0090
205.2876
205.5663
205.8217
205.9610
206.4022
206.5183
206.9362
207.6096
208.0276
208.1669
208.3527
208.7242
209.1886
209.4440
209.7226
209.8387
210.1406
210.2799
210.3960
210.8372
210.9533
211.1158
211.3945
211.5802
211.9517
212.2304
212.4858
212.6251
213.1824
213.3449
213.6236
213.9951
214.0648
214.1809
214.4363
214.7149
214.8542
215.2722
215.8527
216.4100
216.8279
216.9440
217.0601
217.6871
217.8961
218.0122
218.3372
218.8945
219.1499
219.2893
219.9859
220.2645
220.8218
220.9611
221.5184
222.0756
222.7722
223.0509
223.6082
223.7475
224.1190
224.1654
224.3512
224.9085
225.2336
225.2800
225.6980
225.8373
225.9534
226.6732
227.0912
227.2305
227.5556
227.7878
228.0200
228.6005
229.1345
229.7150
230.2723
230.4116
230.5741
231.4101
231.6655
232.2228
232.3853
232.4782
232.6407
233.0587
233.3373
233.6160
233.8946
234.1268
234.1732
234.7305
234.8466
235.7986
236.4024
236.6810
236.9364
237.5866
237.7491
238.0742
238.3064
238.6083
238.8172