5.3870
7.0821
25.4026
26.6797
27.6085
27.8872
28.3283
37.7556
38.1736
38.7077
39.4275
39.9615
40.2402
40.7975
40.9368
41.1690
41.3315
41.6798
41.9120
42.0281
42.2371
42.4925
42.6551
43.1427
43.6071
43.9089
44.1644
44.4198
44.6984
44.8377
45.8826
47.5080
47.6241
48.0653
48.3439
48.7155
48.8780
49.1799
49.2727
49.8532
50.2480
50.4105
50.8285
51.2000
51.3858
51.9663
52.0591
53.0576
53.3362
53.5917
53.7310
54.2418
54.7294
55.7976
56.9121
57.8873
58.0267
58.7233
59.0019
59.1412
59.9539
60.2558
60.9292
61.3239
61.3703
61.6490
62.1830
62.4849
62.6242
63.1351
63.5995
63.8781
64.4122
64.6908
64.8301
65.3642
65.8054
66.1072
66.3626
66.8967
67.0824
67.5933
68.0345
68.3363
68.8239
69.1258
69.3116
69.3580
69.7992
70.2404
70.2868
70.5654
71.0298
71.0763
71.3085
71.4014
71.5175
71.5639
72.0515
72.4695
73.2822
73.3286
73.5608
73.7466
74.2574
74.6986
74.9772
75.2327
75.5577
75.7899
76.4401
76.9045
77.2296
77.4618
77.7404
78.0190
78.1816
78.6692
78.9943
79.1104
79.4122
79.8302
79.9695
80.2482
80.3875
80.9215
81.3627
81.6878
81.9200
82.1986
82.4541
83.1739
83.5918
83.8705
84.1491
84.7064
84.8457
85.3566
85.8210
86.0996
86.3782
86.6337
86.9123
87.5392
87.5857
88.0501
88.3287
88.6073
88.8628
89.1414
89.8148
90.2560
90.8132
91.0919
91.3473
91.9046
92.0671
92.2297
92.3922
92.4619
92.5083
93.0424
93.6925
94.2498
94.9928
109.2963
111.0610
111.1075
111.3629
111.6880
111.9898
112.4542
112.7561
113.0347
113.5920
114.1493
114.6834
114.7298
115.2639
115.3335
115.7979
115.9605
116.3552
116.9125
117.6323
118.0502
118.1431
118.6075
118.8629
119.1184
119.4434
119.7453
119.9775
120.2329
120.3955
120.8366
120.9063
121.3707
121.6493
121.7887
121.9280
121.9744
122.0441
122.2066
122.4620
122.6014
123.0193
123.0658
123.1819
123.5766
123.6927
124.1339
124.4357
124.6912
125.2484
125.8289
126.9203
128.0348
128.4528
128.8243
129.1494
129.7995
129.8460
130.2407
130.5658
131.0766
131.3553
132.0519
132.4931
132.7485
133.2825
133.5612
133.7469
134.2578
134.6757
134.7222
134.9776
135.5117
135.7903
135.9528
136.4637
136.8816
136.9281
137.2067
137.4854
138.0194
138.1820
138.3445
138.6928
139.1340
139.4358
139.9467
140.2485
140.8987
141.2470
141.3631
141.4095
141.6649
142.1526
142.1990
142.4776
142.6402
143.1278
143.1742
143.5690
143.8941
144.4049
144.6835
144.8925
145.0318
145.3569
145.8213
146.3322
146.3786
146.9127
147.2145
147.5628
147.6093
148.0272
148.6309
148.7238
148.8863
149.1418
149.8151
150.2331
150.5350
151.0690
151.3709
152.0210
152.4622
152.7641
153.3214
153.5768
154.1341
154.2734
154.5288
154.7146
154.9932
155.2486
155.8059
156.1310
156.5025
156.9205
157.2223
157.5010
157.7564
158.0118
158.3601
158.5691
158.7316
159.1263
159.4514
159.9855
160.2409
160.5892
160.7982
160.9607
161.3555
161.9127
162.2378
162.4468
163.0041
163.5846
164.1419
178.3060
178.3989
185.5507
185.9454
186.0151
186.5027
186.8278
187.1993
187.7566
188.1745
188.7086
188.9872
189.4284
189.9857
202.0600
203.0817
203.2210
203.5693
203.7319
204.2195
204.6607
204.9858
205.2876
205.5430
205.7985
206.4718
206.9362
207.2149
207.5400
207.6096
207.7489
208.0276
208.1669
208.6545
208.7242
209.1189
209.1654
209.4208
209.8155
209.9780
210.2335
210.2799
210.4192
210.9068
210.9533
211.3712
211.9285
212.4626
213.6236
213.9719
214.0648
214.4363
214.6917
215.5508
215.8063
216.1081
216.6422
216.9208
218.0122
218.5694
218.8713
219.1267
219.6608
220.2180
220.7753
221.3558
222.0060
222.0524
222.4472
222.7490
223.0509
223.1670
223.3295
223.5617
224.1654
224.2583
224.6531
225.0014
225.2568
225.3961
225.5354
225.7908
225.9534
226.4410
226.4874
226.8822
226.9286
227.2305
227.7645
228.0200
228.0664
228.6237
229.1113
229.4364
229.7150
229.7615
230.2491
230.9457
231.4101
231.6655
231.9441
232.0602
232.1995
232.4782
233.6160
234.1268
234.4287
234.7073
234.8466
235.1020
235.2646
235.8219
236.6578
236.9132
237.4937
238.0742
238.3296
238.5850