1.6951
2.1130
2.5310
2.9489
3.3205
3.7152
3.8777
4.6672
4.7137
5.2709
5.5031
6.2694
6.8499
7.4304
7.8483
8.4056
8.8468
9.5898
10.0078
11.5635
11.7493
12.5388
14.2571
14.4428
15.4413
15.6735
17.4382
17.6472
18.8082
19.6441
20.3871
20.5729
20.9444
21.4785
21.7107
21.9429
22.1751
22.4305
22.5466
22.8252
23.1271
23.2896
23.4057
23.7308
23.8701
25.1008
26.4011
26.8190
27.3763
28.2122
28.8160
29.9537
30.1859
30.5342
31.3702
31.7649
32.0900
32.5544
33.0884
33.6922
35.6194
36.1999
36.4785
36.8036
37.6395
37.9646
38.1736
38.7773
39.1488
39.3578
41.5173
42.0978
42.3068
42.7015
42.8873
43.7232
43.8625
44.2805
44.4430
45.0467
45.4415
46.2541
46.9972
47.2062
47.5312
47.6009
47.9956
48.3904
48.5761
48.9709
49.1566
49.7604
49.8765
50.1551
50.7356
51.3161
51.5251
51.7108
52.8951
53.2666
53.8703
55.2403
55.4260
56.0298
56.2155
56.4245
56.8192
57.0050
58.3750
58.5607
59.1644
59.3502
59.9539
60.1397
60.9292
62.3224
62.5313
62.6939
63.8549
64.5515
65.4803
65.6428
65.8750
66.0840
66.3394
66.4787
68.2434
68.7775
70.1939
70.5422
71.1227
71.2853
71.4246
71.7497
71.9122
72.1444
72.3998
72.8642
75.5810
76.6026
76.8348
77.6011
78.3906
80.1321
80.5732
80.7358
81.3395
83.1971
83.2900
83.8705
84.6600
86.0532
86.4247
86.8426
87.0052
88.1429
88.3519
88.9556
89.3504
89.5129
89.5594
89.7683
90.9293
92.2993
92.9030
93.0888
94.4588
94.6445
95.0857
95.2483
95.4340
95.5733
95.6430
95.8288
96.2235
96.4325
97.0130
97.1987
98.5919
99.3582
99.5672
99.9619
100.9371
101.5176
103.4681
104.0718
104.8613
105.0471
105.6276
105.8366
106.3938
106.8118
106.9743
107.2065
107.6941
108.7855
110.3412
112.3614
112.5239
112.9419
113.4759
114.0564
116.0766
116.4713
116.6106
117.5859
117.8413
118.1663
118.4218
118.8629
119.1880
120.5348
120.9760
121.9512
127.2454
133.8630
134.6757
135.0473
135.4652
136.1618
136.2315
136.3940
136.8120
137.2067
137.5782
137.9730
138.3909
138.5767
139.1804
139.5751
140.3414
140.9451
141.1309
141.3399
141.9204
143.0814
143.2903
143.4761
143.8708
144.2656
144.8693
145.0551
145.4266
145.8445
146.2161
146.6340
147.9808
148.9792
149.1650
149.5597
149.7687
150.1867
150.5582
150.7439
151.1387
151.9282
152.1139
152.7176
152.9034
155.2486
155.8291
156.8276
156.9437
157.1062
157.2223
157.3152
157.4081
157.5938
157.9886
158.7548