0.6037
0.7663
1.1610
1.3932
1.6022
1.6718
1.9273
2.1827
2.4381
3.0650
3.3901
3.6688
4.1796
4.4350
4.6904
4.9459
5.2245
5.4799
5.7353
6.0140
6.1765
6.4319
6.6873
6.9660
7.2214
7.4768
7.7322
7.9877
8.1966
8.2431
8.3824
8.4985
8.9397
9.1951
9.4737
9.7292
9.9846
11.7261
11.8422
12.1440
12.2834
12.4459
12.7710
13.0496
13.2122
13.7462
13.8623
14.4428
15.0001
15.0698
15.6038
16.6951
17.1131
17.2756
17.4614
17.5311
18.3205
18.4831
18.6456
18.8314
19.0868
19.5048
19.7602
20.2478
20.7586
20.9676
21.2463
21.6410
22.3376
23.0806
23.5683
23.7308
24.0791
24.2881
24.7989
24.9615
25.1472
25.3330
25.4026
25.5187
25.5652
25.6813
26.0296
26.2153
26.3546
26.7958
27.0745
27.4228
27.5853
27.7711
27.9800
28.1658
28.3516
28.6070
28.8392
29.0017
29.7215
29.7680
30.0002
30.1163
30.4414
30.8129
30.9754
31.1612
31.2076
31.3934
31.6720
31.8346
32.2757
32.5079
32.5544
33.3903
34.2959
34.7138
35.0389
35.2711
35.6194
35.8052
36.3392
36.4785
37.1519
38.5916
39.2417
39.6365
40.6814
41.3780
41.7495
42.1210
42.3764
42.6551
42.7944
43.3284
43.5374
43.7696
44.2108
44.5591
44.6520
44.7681
45.1396
45.4415
45.6040
46.0452
47.4616
47.5080
47.6241
48.1117
48.3904
48.4368
48.8780
49.2263
49.4121
49.7371
50.2944
50.8285
51.1768
51.3393
51.5483
51.8734
52.2217
52.6861
53.2201
53.4756
53.8935
54.1025
54.6830
55.0545
55.4957
55.9369
56.2387
56.8889
57.3301
57.5390
57.9802
58.2589
58.3285
58.8626
59.2341
59.3966
59.5127
60.1861
60.5112
60.7202
61.1614
61.5561
62.1134
62.4849
63.1583
63.5066
63.9710
64.3889
65.2249
65.4571
65.9911
66.3394
66.8038
67.2218
67.8255
68.2202
69.6831
69.9385
70.3332
70.8673
71.0995
71.4014
72.2605
73.0964
73.8395
75.2791
76.7420
77.0438
77.4385
78.0887
78.8085
79.4122
79.8999
80.2017
80.5500
80.8287
80.9680
81.4556
81.5949
82.1290
82.2219
82.3147
82.5005
82.7559
82.8488
83.2435
83.3596
83.5222
84.4045
84.9154
84.9850
85.0779
85.4959
86.1228
86.4015
86.6801
87.5392
87.7714
87.8875
88.0733
88.2823
88.4448
88.8395
88.9324