0.6037
1.1378
1.6718
2.1827
2.4381
2.7167
3.3901
6.1765
6.9660
7.2214
7.4768
7.5697
7.7322
7.9877
8.4985
8.7771
8.9397
9.2183
9.4737
9.7292
9.9846
10.2400
10.6580
10.8669
11.2617
11.4242
12.0279
12.2834
12.5388
12.8174
13.0496
13.3050
13.4211
13.6533
13.8391
14.2106
14.3732
14.5357
14.8376
15.0698
15.3716
15.8824
16.0682
16.2540
16.4397
16.6951
17.0434
17.2060
17.5311
17.6007
17.9026
18.0883
18.5992
18.9475
19.1565
19.4119
19.5048
20.0388
20.2014
20.3639
20.5032
20.8747
21.4320
21.6178
21.7803
21.9661
22.1286
22.3144
22.6627
22.8020
23.0806
23.5683
23.9166
24.1023
24.3577
24.5899
24.7293
24.9150
25.1472
25.4026
25.6813
25.8206
26.0063
26.2153
26.3546
26.7958
27.0745
27.4228
27.5853
27.7711
27.9568
28.2355
28.4677
28.8392
29.0249
29.3732
29.5590
29.7448
30.0002
30.2556
30.5807
30.7897
31.0683
31.3237
31.4863
31.6720
31.8578
32.0435
32.2061
32.4847
32.7401
32.9027
33.2742
33.4367
33.9011
34.2959
34.7138
34.8764
35.2711
35.4337
35.8052
35.9677
36.3392
36.5018
36.8733
37.4073
37.7092
37.8950
38.1504
38.2433
38.4522
38.7077
38.9399
39.6597
40.3098
40.4956
40.6814
40.9368
41.2386
41.3780
41.7263
42.1210
42.3764
42.6551
42.7944
42.9105
43.1427
43.3284
43.4445
43.7696
44.7681
45.1396
45.3254
45.9059
46.1613
46.5096
46.8579
47.0436
47.2990
47.5777
47.7402
48.9941
49.3192
49.8532
50.3873
50.9214
51.6412
52.2217
52.3378
53.1969
53.3827
53.5684
53.9167
54.0793
55.0545
55.1474
55.7976
56.0065
56.3780
56.5638
56.9121
57.1675
57.4229
58.1428
58.3285
58.8626
59.0483
59.2341
59.5592
60.3022
60.6273
60.8131
61.1614
61.6722
62.2063
62.9493
63.5298
63.6227
64.4818
64.6908
64.8533
65.2016
65.3874
65.7589
66.3626
66.4555
66.9896
67.3146
67.5236
68.0345
68.7311
68.9168
69.4509
70.1475
71.3317
72.2837
72.4463
72.9571
73.1661
73.8627
75.7899
76.2079
77.5779
77.9262
79.1568
79.5051
80.0392
80.3178
80.5500
80.8287
81.5949
81.8503
82.2915
82.5702
82.8256
83.1042
83.3364
83.6151
83.8705
84.1259
84.4045
84.6600
85.0779
85.3566
85.6352
85.8906
86.1460
86.4015
86.6801
86.9355
87.1909
87.4463
87.8643
88.1429
88.4216
88.6770
88.9324
89.2111