0.6037
0.8591
1.1378
1.3932
1.6486
1.9040
2.1595
2.4381
2.6935
2.9489
3.0650
3.3901
3.6455
3.9010
4.1564
4.4350
4.6904
4.9459
5.2013
5.4567
5.7353
6.1533
6.4319
6.6873
6.9428
7.1982
7.4536
7.7322
7.9877
8.2431
8.4985
8.9397
9.1951
9.4505
9.7059
9.9614
10.2400
11.7029
12.0047
12.0744
12.3066
12.3995
12.5388
12.7013
12.8174
12.9335
13.1193
13.3050
13.4676
13.6766
13.8391
14.0945
14.2106
14.3499
14.5357
14.8840
15.0698
15.2323
15.5109
15.6038
15.7663
15.9521
16.3004
16.6487
16.9041
17.0202
17.1828
17.3685
17.5311
17.6936
18.0651
18.4134
18.5760
18.7617
19.1100
19.4815
19.7370
19.8298
20.0156
20.1781
20.5264
20.8747
21.2463
21.4320
21.5946
21.9429
22.1286
22.3144
22.6627
22.8484
23.0110
23.3593
23.5683
23.7076
23.8933
24.2184
24.2649
24.4274
24.7525
25.1240
25.3794
25.6348
25.8438
26.0296
26.1921
26.3546
26.5172
26.7958
27.0512
27.2370
27.4228
27.5853
27.7711
27.9336
28.2122
28.4677
28.6534
29.0017
29.3500
29.6519
29.8841
30.0698
30.2556
30.3949
30.6039
30.7664
31.1380
31.3005
31.4863
31.8113
32.1829
32.4615
32.7169
32.9027
33.2278
33.4600
33.5993
33.8547
33.9940
34.1101
43.1659
43.3284
43.7696
45.6040
45.9059
45.9755
46.3006
46.5560
46.6721
46.8346
47.0204
47.3455
47.7170
48.0653
48.2511
48.4136
48.7619
49.1334
49.4817
49.6443
49.8300
50.1783
50.5498
50.8981
51.0839
51.2464
51.5947
51.9430
52.3146
52.4771
52.6629
52.8718
52.9879
53.1969
53.3595
53.5684
53.7078
53.8935
54.0793
54.4044
54.7759
55.1474
55.3099
55.4725
55.6815
55.8208
56.0298
56.1923
56.3780
56.5406
56.7031
56.8889
57.2372
57.5855
57.9570
58.1195
58.3053
58.6304
58.8394
59.0251
59.2109
59.3502
59.5360
59.7217
60.0468
60.4415
60.6273
60.7898
60.9524
61.1381
61.4632
61.8347
62.1830
62.3688
62.5546
62.8796
63.2512
63.5066
63.5995
63.7620
63.9478
64.1567
64.2961
64.6676
64.8533
65.0159
65.2016
65.3642
65.7125
66.0608
66.3394
66.4323
66.5948
66.7806
66.9663
67.1057
67.5004
67.8255
68.0112
68.1970
68.5453
68.9168
69.1722
69.4044
69.6134
69.9617
70.3100
70.5654
70.6815
70.8209
71.0298
71.3085
71.7264
72.2373
72.4230
72.7946
73.1429
73.3983
73.5144
73.6537
73.8395
74.1878
74.5593
74.8147
75.0701
75.2559
75.6042
75.9525
76.2079
76.4633
76.6491
77.0206
77.2063
77.3689
77.6243
77.9029
78.0887
78.4370
78.6228
78.7853
79.0407
79.2961
79.4819
79.8302
80.1785
80.5268
80.7126
80.8751
81.0841
81.2234
81.5717
81.9432
82.1058
82.2683
82.6166
82.9649
83.3132
83.4990
83.6615
84.0098
84.3813
84.6367
84.7296
84.8922
85.0779
85.4030
85.7513
86.0067
86.1228
86.2854
86.4711
86.7962
87.1677
87.4231
87.5160
87.6785
87.8643
88.1894
88.4216
88.5609
88.7931
88.9092
89.0717