0.8127
0.8591
1.1378
1.3932
1.6718
1.9040
2.1827
2.3917
2.4381
2.7167
2.9025
2.9489
3.5991
3.6455
3.9010
4.1564
4.4350
4.6672
4.9459
5.2013
5.4567
5.6889
5.7353
6.4087
6.6873
6.8963
6.9428
7.4768
7.5697
7.7322
7.9412
7.9877
8.2431
8.5217
9.1487
9.1951
9.4505
9.6595
9.7059
9.9846
10.1936
10.2400
11.8422
13.2354
15.0001
15.8824
16.4165
16.7648
18.3205
18.7153
18.8778
19.2493
19.5976
20.2942
21.5481
21.7107
23.0110
23.7540
28.6766
29.0249
29.1178
30.1627
30.5110
30.8825
31.0683
31.3237
31.5791
32.2990
32.8098
35.6426
35.7587
45.6272
45.9059
46.1613
46.3470
46.5328
46.5792
46.6721
46.8579
47.0436
47.2990
48.4136
48.9941
49.7604
49.9229
52.0359
55.4957
56.5638
56.9121
59.3966
59.7449
60.7898
61.0453
61.1614
62.1366
62.5546
65.9679
66.1072
66.8038
67.5236
68.2202
69.6831
72.4695
73.4215
73.8395
81.9432
82.5702
82.8488
83.1971
83.6847
85.0779
87.8875
88.0268
88.4448