8.6378
8.9861
10.1703
10.9134
11.6332
12.4691
12.8174
14.0016
14.7447
16.3004
16.6719
17.8561
20.1549
20.5032
21.6874
22.0590
22.4305
22.8949
23.1503
23.6379
23.9862
24.3577
25.5187
25.8902
26.5172
26.9816
27.4460
27.8175
29.3732
29.7448
30.5807
30.8129
31.2773
31.6720
31.7881
32.0435
32.2757
32.5312
32.7401
33.2045
33.5761
33.9476
34.6442
35.1318
35.5033
35.6426
37.0590
37.3841
37.7789
38.0343
38.2665
38.4755
52.7790
53.0344
53.8703
54.3347
54.6830
54.8920
55.0777
55.7976
56.2387
56.6102
56.9818
57.7016
58.1892
58.5375
58.9090
60.0700
60.4415
60.8131
61.2775
61.7883
62.0205
62.3688
62.5778
62.7403
63.4601
63.6923
63.9245
64.2961
64.6444
65.3642
65.8518
66.2001
66.4091
66.5948
67.7558
68.1273
68.4989
68.9633
69.7063
69.9385
70.0546
70.4261
71.1459
71.6103
71.9819
72.3302
72.8410
73.0268
73.0732
73.3054
73.5376
73.8859
74.2806
75.0005
75.2094
75.4416
75.8132
76.1615
76.6491
77.1599
77.3921
77.7404
78.1119
78.2512
78.5995
79.2729
79.5516
79.6677
80.0160
80.7126
81.2234
81.5717
81.9432
82.1058
82.4308
82.9185
83.1274
83.4990
83.8705
84.3349
85.0547
85.4262
86.2854
86.5176
86.9820
87.3302
87.9572
88.1662
88.4216
88.8860
89.2807
89.8148
90.8132
91.1848
92.2064
92.7405
93.1120
93.6693
94.6678
95.0625
95.3876
95.5966
96.0842
96.5950
96.9433
97.3148
98.0114
98.2901
98.4990
98.8473
99.2189
99.4743
99.6833
99.9387
106.9511
107.6477
109.5750
115.0549
115.7979
116.1230
116.5177
117.2143
117.6787
118.0502
118.4218
119.1184
119.6060
119.9775
120.3490
121.5100
121.8815
122.2531
122.7407
123.2283
123.4605
123.8088
124.0178
124.2035
125.2717
125.3645
125.7128
126.0844
126.8042
127.2918
127.6401
128.0116
128.2670
128.4992
129.1262
129.1958
129.5673
129.9389
130.4033
130.7516
131.1231
131.4714
131.8661
132.5627
132.8414
133.0503
133.4219
133.7702
134.4900
134.9776
135.3259
135.6974
136.4172
136.8816
137.2299
137.6247
138.0659
138.1123
138.8321
139.1572
139.5519
140.2485
140.7129
141.1077
141.4560
142.1526
142.6402
143.0117
143.3832
144.5674
144.9390
145.2873
145.7749
146.4715
146.8198
147.2377
148.7935
149.1418
149.8616
150.3492
150.6743
151.0690
151.7888
152.6248
153.7161
154.5056
155.6201
156.0845
156.4793
156.8044
157.5242
157.9886
158.0350
158.3601
158.7548
159.9158
160.2873
160.6589
161.1233
161.8663
162.2146
162.5861
163.7703
164.1419
164.4902
165.2100
165.7208
166.0227
166.4174
167.6016
167.9499
168.3447
168.8323
169.4592
169.8772
170.9685
171.4561
171.8044
172.1760
172.8958
173.3834
173.6388
173.7085
173.9175
174.1032
174.6605
174.8230
175.0785
175.2642
175.6590
175.8447
176.0305
176.2162
176.4949
176.7967
177.2379
177.4701
177.5630
177.7720
178.2828
179.1187
179.4902
179.8618
180.5584
180.9763
181.4175
181.7890
182.4856
182.9732
183.3448
183.7395
184.1575
184.9005
185.2488
185.6203
186.3401
186.8045
187.1761
187.5244
188.0352
188.2442
188.7318
189.1033
189.4516
190.1714
190.6358
191.0073
191.3789
191.8433
192.5631
192.9114
193.1436
193.3293
194.0027
194.4903
194.8386
195.2102
195.3727
195.9300
196.4176
196.7659
197.1374
197.6018
197.8805
198.1359
198.3216
198.5771
198.6932
199.0647
199.5291
200.2721
200.6204
200.9919
201.6885
201.9439
202.0833
202.1761
202.4316
202.5477
202.8960
203.6158
204.0802
204.4517
204.8232
205.5198
206.0074
206.3557
206.7505
207.1917
207.9347
208.2830
208.6545
209.3511
209.3976
209.8387
210.2102
210.5585
211.0694
211.2784
211.5570
211.7660
212.1375
212.5090
212.9966
213.2288
213.6700
213.9487
214.0648
214.4131
214.9007
215.6205
215.9224
216.3635
216.6654
217.5245
217.8961
218.2676
218.9642
219.4286
219.4750
219.8001
220.1948
220.6824
220.8914
221.1468
221.3558
221.6345
221.7273
222.0989
222.5633
223.0741
223.6314
223.8636
224.0493
224.1887
224.6995
224.7459
224.8620
225.2103
225.5819
225.8605
225.9534
226.1856
226.6500
227.4859
227.8574
229.0416
229.4132
229.7847
230.2491