7.7322
8.2199
8.2663
8.7075
9.1951
9.6827
10.1703
10.6347
11.0991
11.1456
11.6100
12.0744
12.5620
13.0264
13.0728
13.5140
14.0016
14.4893
14.9537
15.4413
15.9057
16.3933
16.8809
17.3685
17.8561
18.3205
18.7849
19.2958
19.7602
20.2478
20.7122
21.1998
21.6874
22.0590
22.1983
22.3144
22.6395
22.9181
23.1271
23.5915
23.9862
24.0791
24.3345
24.5435
25.0311
25.5187
26.0063
26.2618
26.4707
26.9584
27.4228
27.4692
27.8175
27.9336
28.3980
28.8856
29.3500
29.7448
29.8609
30.0931
30.3020
30.3485
30.7897
31.2541
31.3005
31.6720
31.7881
32.0203
32.2293
32.7169
33.0188
33.2045
33.6689
33.9476
34.1333
34.6442
35.1086
35.5033
35.6194
35.8516
36.0606
36.1070
36.5482
37.0358
37.4073
37.5467
37.6628
37.8021
37.9878
38.2665
38.4755
38.9631
39.4275
39.9151
40.4027
40.8671
41.3547
41.8191
41.8656
42.3068
42.7944
43.2820
43.7464
44.2340
44.6984
44.7449
45.1860
45.6737
46.1613
46.6257
47.1133
47.5080
47.6241
48.0653
48.3672
48.5529
49.0405
49.5049
49.9926
50.4570
50.5034
50.9446
51.4322
51.9198
52.3842
52.4307
52.7790
52.9183
53.0344
53.3362
53.3827
53.6381
53.8239
54.3115
54.7062
54.7991
55.0545
55.2635
55.3099
55.7511
56.0298
56.2387
56.6102
56.7263
56.9818
57.1907
57.4694
57.6784
58.1428
58.5375
58.6536
58.9090
59.0948
59.1412
59.6056
59.8610
60.0700
60.4648
60.5809
60.8131
61.0220
61.0685
61.3239
61.5097
61.9973
62.3920
62.4849
62.7403
62.9493
63.4369
63.9245
64.2961
64.4122
64.6676
64.8533
64.8998
65.1552
65.3410
65.3874
65.8286
66.2233
66.3394
66.5716
66.7806
66.8270
67.2914
67.5701
67.7558
68.1273
68.2667
68.3828
68.7078
68.9865
69.1955
69.4741
69.6831
69.9385
70.0546
70.1939
70.4029
70.6351
70.9137
71.1227
71.3085
71.6103
71.9819
72.0980
72.3302
72.5624
72.8410
73.0500
73.2822
73.5144
73.7930
73.9091
74.0020
74.2342
74.4896
74.7683
74.9540
75.2094
75.4416
75.7203
75.9293
76.1615
76.3937
76.6723
76.8813
77.1367
77.3457
77.6243
77.7404
77.8565
78.0887
78.3209
78.5995
78.7853
78.8317
79.0639
79.2961
79.5516
79.6677
79.7605
80.0160
80.2482
80.5036
80.7126
80.9680
81.2002
81.4788
81.5717
81.6878
81.9200
82.1522
82.4308
82.6398
82.8952
83.1274
83.4061
83.4990
83.6383
83.7544
84.0795
84.3581
84.5439
85.0315
85.5191
85.7977
85.9835
86.0299
86.4711
86.9587
87.4463
87.9107
88.3984
88.8628
88.9092
89.2807
89.3736
89.8380
90.3256
90.8132
91.2776
91.7420
92.2297
92.7173
93.1120
93.2049
93.4603
93.6693
94.1569
94.6445
95.0161
95.1554
95.3876
95.5733
95.8752
96.0842
96.5486
96.9433
97.0594
97.3148
97.5006
97.5470
98.0114
98.4990
98.8706
98.9867
99.1260
99.4278
99.4743
99.7065
99.9155
100.3799
100.4263
100.8675
101.3551
101.8427
102.3071
102.7947
103.2591
103.7468
104.2112
104.7220
105.1864
105.6740
106.1384
106.1849
106.6260
107.1137
107.6013
108.0657
108.5533
109.0177
109.0641
109.5053
109.8072
109.9929
110.4805
110.9449
111.4326
111.8970
111.9434
112.3846
112.8722
113.3598
113.8242
113.8707
114.2190
114.3351
114.4744
114.7995
115.0781
115.2639
115.7515
116.1230
116.2623
116.4945
116.7035
116.7499
117.1911
117.4698
117.6787
118.0502
118.1663
118.4218
118.6307
118.9094
119.1184
119.5828
119.6292
119.9775
120.0936
120.3490
120.5348
120.5812
121.0456
121.3010
121.5100
121.9976
122.2763
122.4620
122.9497
123.4141
123.8088
123.9249
124.1803
124.3893
124.8769
125.3645
125.7361
125.8522
126.0844
126.2933
126.5952
126.8042
127.0828
127.2686
127.6633
127.7794
128.0116
128.2206
128.2670
128.7082
129.0101
129.1958
129.5673
129.7067
129.8460
130.1478
130.4265
130.6355
130.9141
131.1231
131.4946
131.6339
131.8429
132.0983
132.3537
132.5627
132.7949
133.0503
133.3290
133.5147
133.7702
133.9791
134.0256
134.2810
134.4900
134.7454
134.9544
135.2330
135.3491
135.4652
135.6974
135.9296
136.2083
136.3940
136.6494
136.8816
137.1603
137.3693
137.6015
137.8337
138.1123
138.3213
138.5535
138.7857
139.0643
139.1804
139.2965
139.5287
139.7609
140.0395
140.2253
140.2717
140.4807
140.7129
140.9916
141.1077
141.2005
141.4560
141.6649
141.9436
142.1526
142.4080
142.6402
142.9188
143.0349
143.1510
143.3832
143.6154
143.8708
144.1030
144.3585
144.5907
144.9390
145.0783
145.1944
145.5195
145.7749
146.4947
146.9823
147.4235
147.9343
148.1898
148.3987
148.8863
149.1418
149.3507
149.6294
149.8384
150.3260
150.8136
151.0690
151.2548
151.3012
151.7656
151.9049
152.2532
152.5087
152.6248
152.8802
152.9731
153.2053
153.3446
153.4839
153.6000
153.7161
154.1573
154.6449
154.9003
155.1093
155.6201
155.8523
156.0845
156.5489
156.8276
157.0133
157.3152
157.5242
157.7796
157.9886
158.4762
158.7316
158.9406
158.9870
159.4282
159.7068
159.9390
160.2873
160.4034
160.6821
160.8678
161.1465
161.3555
161.6341
161.8199
161.8663
162.2146
162.3307
162.5861
162.7951
163.0737
163.2827
163.7471
164.2347
164.5134
164.6991
165.0010
165.1868
165.2332
165.4654
165.6744
166.0691
166.1852
166.4174
166.6496
166.9283
167.1140
167.5320
167.6249
167.9732
168.1125
168.3447
168.5537
168.8323
169.0413
169.5289
169.9004
170.0165
170.2487
170.4577
170.5041
170.9453
170.9917
171.2007
171.4329
171.8277
171.9205
172.1760
172.3849
172.6636
172.8958
173.1280
173.3370
173.3834
173.6388
173.7549
173.8478
174.1032
174.3354
174.7998
175.0552
175.2642
175.3107
175.6590
175.7751
176.0073
176.2395
176.5181
176.7271
176.9593
177.1915
177.4701
177.5862
177.7023
177.9345
178.1435
178.1899
178.6311
178.8865
179.0491
179.1420
179.3974
179.6063
179.8618
180.0707
180.3494
180.5584
180.8138
181.0460
181.3246
181.5336
181.7890
182.0212
182.2999
182.4856
182.7643
182.9732
183.3448
183.4609
183.9253
184.1807
184.4129
184.8773
185.1559
185.2720
185.3881
185.5971
185.8525
186.3169
186.5723
186.8045
187.0832
187.2922
187.5244
187.7566
188.0352
188.2442
188.4996
188.7086
188.9872
189.1033
189.2194
189.4516
189.6606
189.7070
189.9624
190.1482
190.4036
190.6590
190.9145
191.0306
191.1234
191.3789
191.6111
191.8665
192.0755
192.3309
192.5399
192.8417
192.9346
193.0507
193.2829
193.5151
194.0027
194.2581
194.4903
194.7458
194.8619
194.9780
195.2102
195.4424
195.7210
195.9068
195.9532
196.1854
196.3944
196.6730
196.7891
196.9052
197.1374
197.3696
197.8572
198.1127
198.3216
198.7164
198.8325
199.2969
199.5523
199.7380
200.2489
200.6204
200.7365
200.9687
201.2009
201.4795
201.6885
201.9207
202.1761
202.5477
202.6638
202.8960
203.1282
203.3836
203.6158
203.8480
204.0802
204.3588
204.4749
204.5678
204.8000
205.0554
205.5198
205.7752
206.0074
206.2861
206.4951
206.7273
206.9595
207.2381
207.4471
207.6793
207.9115
208.1901
208.3062
208.4223
208.6313
208.8867
209.1654
209.3511
209.6065
209.8387
210.1174
210.3263
210.5585
210.7907
211.0694
211.2784
211.5338
211.7428
211.7892
212.0446
212.1375
212.2536
212.4858
212.7180
212.9966
213.2056
213.4610
213.6932
213.9487
214.1809
214.3202
214.4363
214.6453
214.9239
215.1097
215.3651
215.5973
215.9688
216.1081
216.3171
216.5725
216.8512
217.0369
217.2923
217.5478
217.8032
218.0122
218.2444
218.4766
218.7552
218.9642
219.2196
219.4286
219.8233
219.9394
220.1716
220.4038
220.6824
220.8914
221.1236
221.3790
221.6345
221.7506
221.8434
222.0989
222.3078
222.6097
222.7955
223.0509
223.2831
223.7707
224.0261
224.2351
224.7227
224.9781
225.1871
225.2336
225.6980
225.9766
226.1624
226.6268
226.9054
227.1144
227.6020
227.8574
228.0664
228.5540
228.8094
229.0649
229.3203
229.4364
229.5525
229.6686
230.0169
230.2723