0.0929
0.9288
1.3235
2.4845
2.8793
3.2276
3.9474
4.7833
5.1548
5.9443
6.3390
6.7106
7.0821
8.6146
9.0093
10.0078
10.1936
10.3329
10.5651
10.9134
11.6100
12.4459
12.8406
14.0249
14.3964
14.7447
15.2323
16.3004
16.6951
17.8561
18.0419
18.2277
18.4134
18.5760
19.2958
20.1317
20.5032
21.4320
21.7107
22.0822
22.4305
22.8949
23.7540
23.9398
23.9862
24.1720
24.3577
25.5420
25.7045
25.9135
26.0992
26.2618
26.7494
26.9816
27.8407
28.1890
29.1178
29.7448
29.9305
30.0931
30.5807
31.6720
31.8578
32.0203
33.0188
33.2278
33.4135
33.5993
33.7618
33.9476
34.4120
34.6906
35.5033
35.6426
35.8748
37.8021
38.2665
38.5683
39.3114
39.5204
40.4724
41.4476
42.0513
42.3996
42.6783
43.3749
44.1411
44.3269
44.9538
46.2309
46.9972
47.2062
47.7867
48.1350
49.1102
49.3192
49.8997
50.0622
51.0375
53.6381
54.3579
54.7062
55.0777
56.0065
56.1923
56.2620
56.6335
56.9818
57.4462
57.7016
57.9570
58.1892
58.4214
58.5375
58.9090
59.3734
59.8610
60.0004
60.1165
60.4648
60.8131
61.2775
62.3688
62.7403
63.6923
63.8317
63.9478
64.3193
64.6676
65.1320
65.3874
65.6428
65.8518
66.0608
66.2233
66.5716
67.0360
67.0824
67.5468
67.6629
67.8023
68.1506
68.4756
68.5221
69.1490
70.0778
70.4261
71.4014
71.5407
71.6336
72.0051
72.3534
72.8178
73.0732
73.5608
73.7930
73.9091
74.2574
74.7683
75.0005
75.2094
75.3720
75.4649
75.8364
76.1847
76.6723
77.7404
78.1119
78.9014
79.0639
79.2961
79.6677
80.0160
80.5036
80.7590
81.5717
81.9432
82.4308
82.9185
83.0346
83.1739
83.5222
83.8705
84.3581
84.5206
85.4262
85.6120
85.7977
86.2854
86.7033
86.9820
87.1677
87.3535
87.5160
87.7018
88.1662
88.4448
89.2807
89.6290
90.8132
91.1848
91.3705
91.5563
92.0207
93.1120
93.2978
93.4603
94.4356
94.6678
95.0393
95.2018
95.3876
95.8288
95.8752
96.1538
96.9665
97.3148
98.4990
99.0563
99.2189
99.7065
100.0083
100.9604
101.9124
102.8876
103.5146
103.8396
104.8149
105.7669
107.0672
107.6709
108.4372
108.6462
109.5750
110.5502
110.7592
111.1307
111.5022
112.4775
114.4279
115.3103
116.1462
116.4945
117.4465
117.6323
117.7252
118.0735
118.4218
118.8629
119.6292
119.9775
120.3490
121.2778
121.4404
121.5332
121.9048
122.2531
122.7175
123.4373
123.8088
124.1803
125.1323
125.2717
125.3878
125.7593
126.1076
126.5720
127.3150
127.6633
128.0116
128.5224
128.7546
128.9868
129.1262
129.2190
129.5906
129.9389
130.4265
130.7283
131.5178
131.8893
133.0736
133.4451
133.7934
134.2578
134.5132
135.3491
135.6974
136.1386
136.2083
136.6494
136.7888
136.9049
137.2764
137.6247
138.1123
139.1804
139.5519
140.3414
140.5272
140.7594
141.4792
141.9668
142.1990
142.6634
143.0117
143.3832
143.8708
144.3120
144.3585
144.4978
144.8461
145.2640
145.3105
147.2377
148.1665
148.3755
148.4220
149.1418
149.6294
149.8616
151.0690
152.2765
152.5087
152.6248
152.9963
153.2053
153.7161
154.1573
154.5056
154.9003
156.0149
156.1078
156.4793
156.7347
156.8276
157.2920
157.5474
158.0350
158.3601
158.7316
159.6604
159.8229
159.9390
160.2873
160.5892
160.6589
161.1233
161.5877
161.6341
161.8663
162.2146
162.5861
163.6310
163.6775
163.7936
164.1186
164.4902
164.9546
165.0010
165.2332
165.4422
165.6976
166.0227
166.3942
167.4855
167.5320
167.6481
168.0196
168.3447
168.9948
169.5521
169.9236
170.2719
170.6899
171.0614
171.4794
171.8277
172.1992
172.6404
172.6868
173.1048
173.1512
173.7549
174.1032
174.6605
175.3339
176.0305
176.4949
177.5862
177.9345
178.2828
178.3989
178.7472
178.9098
179.0491
179.1420
179.5135
179.6992
179.8618
181.0924
181.3014
181.4407
181.7890
182.8571
185.6435
186.5956
187.5476
188.0352
188.2674
188.7782
189.1033
189.4748
190.1714
190.2875
190.4268
190.6590
191.0306
191.2163
191.4021
192.9578
193.3061
194.2814
194.5136
194.8851
195.2334
195.6746
195.7210
195.9532
196.7891
197.1606
198.0662
199.5523
200.9919
202.1994
202.5477
202.9192
203.3836
203.6390
204.4749
204.8232
205.5663
205.7752
206.0307
206.3790
206.7505
207.2381
208.3062
208.6777
209.6298
209.8852
210.5818
211.0462
211.3248
212.1375
212.5090
213.4378
213.4843
213.7165
213.9487
214.0648
214.9007
217.3156
217.5478
217.9193
218.9874
220.1948
220.6824
221.6577
222.1221
224.0261
224.9781
225.2336
225.8605
225.9534
228.2986
228.8327
229.3203
229.7847
230.2723
231.2243