2.9025
3.2740
3.4133
3.7384
4.9923
5.0387
5.1548
5.2477
5.4335
5.5728
7.7090
7.9412
8.1502
8.9629
9.4273
9.9149
10.7276
11.0759
11.1456
11.4242
11.6332
11.8654
12.0047
12.1208
12.3762
12.5852
13.1193
13.2122
13.5140
15.4180
15.8824
16.6487
17.1363
17.3917
18.5527
18.9010
19.0636
19.2958
19.5512
19.8995
20.0620
20.3407
20.4568
20.8747
21.1998
22.6162
22.8949
23.0806
23.3361
23.3825
23.7308
23.8701
23.9166
24.1720
24.3113
24.4738
24.8221
25.1240
25.2633
26.0760
26.4243
26.7262
27.0048
27.2602
27.7014
27.9336
28.1426
28.3748
28.9553
29.2107
29.2571
29.7680
29.9305
30.1163
30.5807
30.7664
31.1147
31.2541
32.0203
32.2990
32.5079
32.7866
33.0188
33.9476
34.1101
34.4120
34.5745
34.7835
34.9228
35.0854
35.3176
35.5265
35.6426
35.7820
36.2463
36.5482
36.6411
36.6875
36.8733
37.0823
37.2216
37.8717
38.2665
38.4290
38.9166
39.1953
39.2417
39.4507
39.7526
40.1009
40.4724
40.6581
41.0761
41.3083
41.8191
42.0978
42.3532
42.5622
42.7712
43.1891
43.2588
43.3749
43.5374
43.6767
43.8393
44.0483
44.2572
44.4894
45.1628
45.3021
45.4415
46.0684
46.2541
46.5560
46.9043
47.1597
47.2062
47.3919
47.8563
47.9028
48.1582
48.3207
48.3672
48.7155
49.2495
49.4585
49.7836
50.0158
50.0622
50.7588
51.4090
51.7108
51.7573
51.8734
52.0127
52.1752
52.6629
55.5421
55.5886
55.8672
55.9137
56.0762
56.1923
56.2852
56.4941
56.5406
56.7496
56.8889
57.0050
57.4694
57.7248
58.0267
58.2124
58.5607
58.6768
58.9555
59.3734
59.6753
60.0932
60.2790
60.7434
61.3239
61.6025
61.9973
62.2063
62.3920
62.5546
62.7868
63.1583
63.4137
63.6923
63.8549
63.9478
64.1800
64.4818
64.6908
65.1552
65.6196
66.0840
66.4787
67.0592
67.1057
67.2450
67.5468
67.6862
68.0112
69.1490
70.9137
71.2156
71.4014
71.5407
71.8658
72.2373
73.0964
73.5608
73.7930
74.0949
74.7450
75.0469
75.3720
75.4881
75.6506
75.8364
76.6723
76.9741
77.3921
77.5779
77.6243
77.9029
78.2512
78.3673
78.5995
78.9014
79.0639
79.2033
79.3194
79.5051
79.5516
79.6677
79.8302
80.1785
80.9448
80.9912
81.5949
82.1058
82.4308
82.5934
82.7327
82.8952
83.0578
83.1739
83.6847
84.3581
84.5206
85.3101
85.4494
85.6120
85.7745
86.2854
86.5640
86.7033
87.5160
87.7250
87.8875
88.1429
88.1894
88.4680
88.5841
88.8395
89.1646
90.4185
91.7188
91.9975
92.2064
92.4619
92.7173
93.2978
93.4603
93.9015
94.1105
94.2498
94.3659
95.0857
95.2947
95.3876
95.5733
95.8520
96.1074
96.2932
96.5021
96.5950
97.1059
97.3148
98.4990
98.8706
99.0563
99.2189
99.7065
99.8690
100.3334
100.3799
100.6585
100.8907
101.1926
101.5409
101.9124
102.1214
102.5393
102.7483
103.2359
103.5146
103.5610
103.7932
104.0254
104.2112
104.3969
104.6988
104.8149
104.9774
105.1167
105.5115
105.7205
105.7669
106.6028
106.7421
106.9976
107.7174
107.8567
107.9960
108.3211
108.3675
108.5765
108.6462
108.9945
109.2963
109.3428
109.5982
109.7607
109.8072
110.2251
110.8985
111.2236
112.8490
113.1508
113.1973
113.3366
113.6152
114.1029
114.3351
114.7762
115.7979
116.5177
117.0054
117.3072
117.3537
117.5162
117.9341
117.9806
118.1896
119.1416
119.4667
119.6292
119.8614
120.0007
120.6044
120.7902
121.1153
121.5565
121.7190
121.9048
122.0905
122.4388
122.7407
122.9961
123.4373
123.6463
123.8320
124.2268
124.5751
124.6215
125.1556
125.2949
125.5967
125.6432
126.2933
126.5952
127.0596
127.5472
128.4992
128.5457
128.6850
128.9868
129.1262
129.4512
129.7763
130.5890
130.7283
131.1463
132.3537
132.6556
132.8414
132.9807
133.3058
133.6773
134.2810
134.5364
135.0008
135.2330
135.8600
136.1850
136.5101
136.6727
136.8120
136.9281
137.0674
137.4389
137.7640
138.0659
138.2980
138.4141
138.5999
138.8321
139.0643
139.2965
139.6912
140.0163
140.3182
140.5039
140.6433
140.7594
140.9683
141.6185
142.3848
142.4312
143.1510
143.8708
144.0334
144.3585
145.5659
146.0767
146.4947
146.9359
147.0752
147.4467
147.9576
148.1201
148.1898
148.3755
148.4916
148.7006
148.8399
149.0024
149.2114
149.5133
149.6990
149.8848
149.9545
150.3724
150.7439
150.8833
151.1851
151.4173
151.5799
151.8353
151.9746
152.0210
152.1604
152.3229
152.5319
152.6944
152.8570
153.0427
153.3678
153.5303
153.7161
154.0644
154.1108
154.4127
154.5985
154.8307
154.9235
155.0629
155.3879
155.6434
155.6898
155.9220
156.1774
156.3167
156.4561
156.7347
157.4545
158.1743
158.3601
158.4994
158.6620
158.8709
159.2192
159.5907
159.8462
160.0784
160.2873
160.4963
160.7982
161.4483
161.6805
161.9592
162.3075
162.7022
162.9576
163.1434
163.3292
163.4685
163.9561
164.1651
164.3508
164.4902
165.0707
165.2564
165.5351
165.7208
165.8834
166.0227
166.2084
166.4174
167.2998
167.3462
167.5320
167.8338
167.9499
168.4143
168.7626
169.4592
169.7146
170.0862
170.4112
171.0614
171.2936
171.5026
171.7116
172.1992
172.3153
172.5939
172.8029
172.9190
172.9654
173.2441
173.3370
173.6156
173.9407
174.0103
174.1264
174.2658
174.4515
174.6605
174.7069
174.8695
175.1249
175.4500
175.5661
175.8447
176.0305
176.1466
176.5181
176.6806
176.8200
176.9361
177.4237
177.5862
177.6559
177.7952
178.0971
178.2828
178.7240
178.9098
179.0491
179.2813
179.5135
179.6760
180.0011
180.3262
180.6512
180.9763
181.3943
181.6033
181.9283
182.2766
182.4624
182.6017
182.8571
183.0893
185.8061
186.1079
186.4098
187.0135
187.1993
187.3154
187.4547
188.5925
188.7550
189.2194
189.9160
190.1946
190.6823
191.1467
192.1219
192.5631
192.7721
193.0739
193.4454
193.7241
194.2581
194.7458
195.0012
195.2566
196.2086
196.9052
197.6018
197.8108
198.1127
199.3201
199.5523
199.7148
200.2489
201.2473
201.4563
201.7814
201.9439
202.1761
202.4316
202.8031
203.6622
204.3588
204.9625
205.1251
205.3108
205.4734
205.7752
206.1932
207.4006
207.9579
208.1901
208.4223
208.9332
209.1654
209.4440
209.6298
209.8852
210.0709
211.1855
211.5106
211.5570
211.9750
212.2536
212.9734
213.1592
213.4843
213.9487
217.8032
218.2676
218.4069
218.7552
219.1499
223.0509
223.2366
223.4456
223.8636
224.1887
224.8388
225.0710
225.4193
225.4890
226.3946
226.8590
227.4395
228.2986
229.3203