7.7555
7.9877
8.2199
8.3592
8.6610
8.8236
8.8932
9.1022
9.5666
9.7756
10.0078
10.4490
10.6812
10.9134
11.3546
11.5635
11.7957
11.9351
12.2369
12.3995
12.4691
12.7013
12.9103
13.1425
13.3515
13.5837
13.8159
13.9552
14.0481
14.1642
14.2571
14.4893
14.6750
14.9304
15.1394
15.3716
15.7896
15.8360
16.0218
16.2772
16.4629
16.5094
16.7184
16.9273
17.1595
17.2989
17.6007
17.8097
18.0651
18.2741
18.5063
18.7153
18.9707
19.4119
19.5976
19.6441
19.8531
20.0620
20.2942
20.5032
20.7354
20.8980
21.1766
21.3856
21.4320
21.6410
21.8500
22.0822
22.2912
22.5466
22.7788
22.9645
23.1967
23.4289
23.6379
23.8701
24.0791
24.1255
24.3345
24.4506
24.7525
24.9847
25.2401
25.4259
25.6580
25.8670
25.9135
26.1224
26.3546
26.5404
26.5868
26.7726
27.0280
27.2138
27.2602
27.4692
27.6782
27.9104
28.0729
28.3516
28.5605
28.8160
29.0017
29.0482
29.2571
29.4661
29.6983
29.9305
30.1395
30.3485
30.3949
30.6039
30.7897
30.8361
31.0451
31.2308
31.2773
31.4863
31.6256
31.9274
32.1364
32.1829
32.3918
32.6008
32.8330
33.0420
33.2742
33.7154
33.9244
33.9708
34.1798
34.3888
34.6210
34.8299
35.0854
35.2247
35.5265
35.7355
35.9677
36.1999
36.4321
36.6411
36.8733
37.1055
37.3145
37.4538
37.5467
37.7556
37.9878
38.2200
38.4290
38.6844
38.8934
39.1256
39.3578
39.5668
39.7758
40.0312
40.2402
40.4724
40.6814
40.9136
41.0297
41.1458
41.3547
41.5637
41.8191
42.0049
42.2603
42.4693
42.7015
42.9337
43.1427
43.3517
43.6071
43.7928
44.0483
44.2572
44.4894
44.6984
44.9306
45.1628
45.3950
45.5808
45.8362
46.0452
46.2774
46.4863
46.7185
46.9275
47.1829
47.3687
47.6473
47.8331
48.0653
48.2046
48.2975
48.5065
48.7387
48.9709
49.1799
49.4121
49.6443
49.9461
50.0854
50.3176
50.7356
51.2000
51.6412
52.0824
52.5468
52.9879
53.4291
53.8703
54.3347
54.7759
55.2171
55.3796
55.6815
56.1226
56.5406
57.0050
57.4694
57.9106
58.1428
58.3517
58.5143
58.8161
59.0019
59.0483
59.2573
59.6985
59.9075
60.1629
60.6041
60.7898
60.8363
61.0453
61.2775
61.4864
61.6954
61.9508
62.3920
62.5778
62.6242
62.8332
63.0654
63.2976
63.4834
63.7388
63.9710
64.2032
64.3889
64.6211
64.8301
65.0855
65.2945
65.5267
65.7357
65.9679
66.1769
66.4323
66.6180
66.8502
67.0824
67.3146
67.4540
67.7558
67.9648
68.2202
68.4060
68.4524
68.6614
68.8704
69.1026
69.3348
69.5438
69.7527
70.0082
70.2171
70.4493
70.6583
70.8905
71.0531
71.3085
71.3549
71.5407
71.5871
71.7729
72.0051
72.2373
72.4695
72.7017
72.9339
73.1196
73.3518
73.5840
73.7930
74.0252
74.2574
74.4896
74.6289
74.9076
75.1398
75.3720
75.5810
75.8132
76.0221
76.2776
76.4865
76.6955
76.9277
77.1599
77.3689
77.6243
77.8333
78.0655
78.2048
78.5067
78.7156
78.9711
79.1568
79.3890
79.5980
79.6444
79.8534
80.0856
80.2714
80.3178
80.5036
80.7358
80.9448
81.2002
81.3859
81.4324
81.6414
81.7807
82.0593
82.1058
82.2915
82.5469
82.7327
82.9881
83.1971
83.4293
83.5918
83.8705
84.0795
84.1259
84.3349
84.5206
84.5671
84.7761
84.9618
85.0083
85.2172
85.3798
85.6584
85.8906
86.1228
86.3318
86.5872
86.7962
87.0284
87.2606
87.4696
87.6089
87.7018
87.9107
88.1429
88.3751
88.5841
88.8163
89.0253
89.2807
89.5129
89.7219
89.9309
90.1631
90.3953
90.6043
90.8365
91.0454
91.1848
91.2776
91.4866
91.7188
91.9510
92.1600
92.3922
92.6244
92.8566
93.0888
93.2978
93.5068
93.7390
93.9479
94.2034
94.4123
94.6445
94.8535
95.0857
95.3179
95.5501
95.7127
95.7591
95.9913
96.2003
96.4325
96.6415
96.8737
97.0826
97.3380
97.5238
97.7792
97.9882
98.2204
98.4294
98.6616
98.8938
99.1260
99.3117
99.5672
99.7761
100.0316
100.2405
100.4727
100.7049
100.9139
101.1461
101.3551
101.5873
101.7963
102.0285
102.2607
102.4697
102.5161
102.7019
102.9341
103.1430
103.3752
103.6074
103.8396
104.0486
104.2808
104.4898
104.7220
104.9542
105.1632
105.3954
105.7437
105.8598
106.0455
106.0920
106.2777
106.5099
106.7421
107.2065