0.3947
2.8328
8.5914
12.1673
13.6301
14.7215
15.3948
15.8360
16.0682
16.5558
16.9738
17.1595
17.2989
17.6472
17.8561
18.0883
18.2973
18.3670
18.5527
18.7385
18.9707
19.4119
20.0853
20.1549
20.3871
20.7819
21.2230
21.8964
21.9429
22.5466
23.0110
23.1503
23.6147
23.7540
24.7293
24.7989
26.1457
26.4940
26.9816
27.3067
28.0033
28.3283
28.4212
28.8392
29.0946
29.7215
29.8609
30.1859
30.2556
30.5342
30.8825
31.5327
31.9274
31.9739
32.6473
32.7866
33.3206
34.4584
36.3624
36.8268
40.0544
41.5173
41.6798
43.9786
44.3733
44.7216
45.0235
45.0699
45.2325
45.4182
45.8594
46.6024
46.7882
46.9740
47.0204
47.1829
47.5080
47.6241
47.9492
48.0885
48.4368
48.5761
48.6690
48.8083
48.9709
49.1102
49.2727
49.3192
49.6675
49.7139
50.0158
50.1783
50.3641
64.8301
64.8766
65.5732
66.0376
66.7341
67.3146
67.8255
68.4524
68.8936
69.1258
69.3580
69.5902
69.6366
69.7295
69.8456
70.2636
70.3100
70.6119
70.9137
71.1459
71.3085
71.3781
71.9819
72.7017
72.8410
73.1661
73.3054
73.8859
74.3271
74.9540
76.3008
76.7420
78.5531
78.8782
79.2497
79.8766
79.9231
80.3178
80.8054
81.0144
81.6646
82.1290
82.1754
82.5469
82.7791
83.0578
85.7049
86.5408
86.9355
88.0036
88.3055
89.8380
90.0470
95.1786
95.2483
95.3644
95.4108
95.5501
95.6894
96.0145
96.1306
96.2699
96.8040
97.2452
97.4309
97.6399
98.0811
98.8241
98.9867
99.1492
99.9851