0.3715
1.0681
2.1595
2.8561
3.9706
4.6440
5.7585
6.4319
7.5465
8.2199
8.5914
9.3344
10.0310
11.1456
12.1905
12.4227
12.9335
13.6069
14.7679
15.3948
16.5558
18.3670
18.9707
20.1549
21.8732
22.5466
23.7308
24.3577
25.4955
26.1457
27.3067
29.0946
33.3206
34.4352
35.6426
36.2696
36.4553
36.6875
37.1519
37.8485
37.9182
38.2433
38.4987
39.1488
39.3810
39.8222
40.0544
40.2634
41.4244
41.8191
42.0746
42.2835
42.4925
42.7247
43.2123
43.6303
44.3037
45.0932
45.4182
46.0916
46.3006
46.7882
47.2062
47.5080
47.8795
48.0885
48.9941
49.8997
50.5498
51.2000
52.3378
52.5700
52.7093
54.1257
54.3579
54.7991
55.9137
56.1459
56.5870
57.4694
57.7248
58.3750
58.5375
59.0483
59.5127
61.2775
61.9508
63.0886
63.7388
64.8766
65.5499
65.8054
66.7341
67.3379
68.4756
69.1258
70.3100
72.0283
72.7017
73.8859
74.5128
75.6738
76.3008
77.4618
79.2497
79.8766
81.6646
81.8736
82.1754
82.7791
83.3132
83.4525
84.5903
84.6367
86.4015
87.3070
87.5160
88.0036
88.6770
89.3039
89.9773
92.2297
92.4154
92.6708
92.8798
93.5764
93.7854
94.4588
94.8767
95.0625
95.2483
95.3876
95.5733
96.2467
96.4557
98.0579
98.3597
98.9867
100.0548
100.7282
100.9371
101.1461
101.3551
101.6105
101.8427
102.0285
102.1678
102.4000
102.5161
102.7251
102.9341
103.1663
103.3985
103.6074
103.8396
104.0718
104.2808
104.5130
104.7220
104.9542
105.1864
105.4186
105.6276
105.7669
105.8830
105.9759
106.3010
106.5332
106.7421
106.9743
107.2065
107.4387