0.3715
1.0681
2.1827
2.8561
7.9877
8.8700
10.6812
11.1224
11.7957
12.1905
12.3995
13.3515
14.4893
14.6750
14.9304
15.2091
15.3948
15.6735
15.8824
15.9985
16.1843
16.3236
16.5558
16.6951
16.7416
17.0434
17.2756
17.4382
17.6936
17.9490
17.9955
18.1116
18.3670
18.5295
18.5760
18.8546
18.9707
19.2726
19.4583
19.5744
19.8763
20.1317
20.3639
20.6658
20.9676
21.1534
21.2695
21.6410
21.7107
21.9429
22.2679
22.4305
22.5698
22.6859
22.7788
23.0574
23.1503
23.9630
24.0327
24.3113
24.5667
24.8454
25.0311
25.2401
25.5187
26.0528
26.2850
26.3779
26.6333
26.8887
27.5621
27.8175
28.1194
28.1658
28.3748
28.6070
28.8160
29.5822
29.7215
29.8609
30.0698
30.2324
30.3253
30.4878
30.6736
30.7664
31.2308
31.4863
31.7649
31.9042
32.0435
32.2061
32.6937
32.9259
33.1581
33.2974
33.5761
33.8083
33.9011
34.0637
34.3423
34.7138
35.1550
35.3408
35.7587
35.9909
36.1999
36.2696
36.4785
36.6875
36.8965
37.0358
37.2448
37.5467
37.9182
38.0111
38.2200
38.5219
38.6844
38.8238
39.0327
39.2185
39.3578
39.7061
39.7990
40.0312
40.2866
40.4724
40.6117
40.8207
41.0297
41.1458
41.4941
41.7959
42.2603
42.3996
42.4925
42.6318
42.8176
42.9337
43.1891
43.3749
43.6303
43.8393
44.4198
44.4894
44.7216
45.1860
45.3950
45.6504
45.8594
45.9755
46.0916
46.2077
46.3935
46.5096
46.6257
46.7882
46.9507
47.1829
47.5080
47.6241
47.7867
47.9956
48.0885
48.2975
48.5994
48.7619
48.9709
49.2031
49.4353
49.6675
49.7836
49.8997
50.0854
50.3641
50.5731
50.8053
50.9446
51.2232
51.3625
51.4786
51.6644
51.7805
52.3378
52.3842
52.5700
52.6164
52.7093
53.0576
53.2434
53.5684
53.8239
54.1257
54.3811
54.7759
54.9384
55.0313
55.3099
55.4028
55.7047
55.9137
55.9601
56.1691
56.3084
56.4709
56.5870
56.8192
57.1675
57.3997
57.4926
57.7480
57.9338
58.1428
58.5143
58.6304
58.9555
59.2573
59.3734
59.4895
59.5360
59.7217
60.0700
60.1165
60.4183
60.6273
60.7434
60.9524
61.0685
61.3007
61.5561
61.8115
62.0902
62.1830
62.5546
62.6939
62.7403
62.8564
63.0886
63.1351
63.3208
63.4601
63.6227
63.7620
63.9013
63.9942
64.1103
64.3193
64.5050
64.6211
64.9230
65.0855
65.3874
65.5499
65.6893
65.8286
66.0143
66.4555
66.7341
66.8502
67.1289
67.6397
67.7790
67.8255
68.1041
68.2434
68.4060
68.5221
68.6614
68.7311
69.1258
69.4509
69.6134
69.7295
69.9849
70.3100
70.4261
70.5422
70.7976
71.1227
71.3549
71.7961
72.0980
72.3534
72.5856
72.8410
72.9107
73.1893
73.3054
73.4215
73.7698
74.1413
74.3735
74.4896
74.6986
74.7450
75.0005
75.2094
75.2791
75.3952
75.4416
75.6971
75.9060
76.1847
76.3008
76.4169
76.5794
76.7884
76.8813
77.2528
77.4618
77.7172
77.9494
78.1351
78.2745
78.5763
78.7621
78.9943
79.0872
79.2497
79.7373
79.8766
80.1321
80.2482
80.3643
80.4571
80.8519
81.0376
81.2931
81.5253
81.6646
81.8968
82.1754
82.3612
82.8256
83.1507
83.3132
83.4525
83.7312
83.9401
84.0562
84.2188
84.4742
84.8689
85.1244
85.3101
85.3798
85.4494
85.7513
86.3550
86.4247
86.6104
87.1909
87.3999
87.5857
87.7018
88.0036
88.0733
88.2358
88.3751
88.6770
88.8395
88.9556
89.1878
89.5129
89.8380
89.9541
90.1631
90.7668
90.9293
90.9758
91.1848
91.2776
91.5795
91.6492
91.7653
91.9510
92.1832
92.2529
92.4154
92.5547
92.6476
92.7869
93.0888
93.8318
93.9712
94.5749
94.7606
94.8535
95.1786
95.3876
95.5501
95.8752
95.9913
96.1306
96.2467
96.3628
96.4789
96.6647
96.7111
96.7576
96.9433
97.1755
97.3845
97.5935
98.0579
98.1507
98.3597
98.4526
98.7312
98.9867
99.1260
99.4743
99.7297
99.9387
100.0548
100.2405
100.3566
100.5656
100.7978
101.0300
101.3551
101.4712
101.7266
102.0285
102.1910
103.1430
103.2591
103.5146
103.7003
103.8396
104.1647
104.7220
104.9310
105.0703
105.3025
105.6508
106.7189
106.8815
106.9743
107.1137
107.2065
107.4155
107.6709