8.8004
8.8932
9.1487
9.4041
9.6595
9.7292
9.9614
10.1936
10.4490
10.8902
11.1456
11.3778
11.7029
12.0047
12.2601
12.7942
13.2818
13.6069
14.6982
17.5543
18.0187
18.3438
18.5527
18.6688
18.8314
18.9010
19.0171
19.2958
19.5976
19.8066
19.9459
20.2478
20.4568
20.7586
20.9212
21.2230
21.4320
21.7107
22.1518
22.3144
22.6162
22.8484
23.1039
23.2664
23.3128
23.5915
23.7772
23.9630
24.2649
24.5667
24.7293
25.0311
25.1937
25.5187
25.8206
25.9831
26.1921
26.4475
26.6565
26.7726
26.9119
27.2370
27.5156
27.6085
27.8872
28.0729
28.3748
28.5605
28.8392
28.9785
29.1643
29.6287
29.7912
29.9305
30.2556
30.4646
30.5807
30.7432
30.9290
31.0683
31.2308
31.4166
31.6488
31.9042
32.2061
32.5312
32.6937
32.9723
33.2974
33.4367
33.5528
33.7850
34.0637
34.3655
34.4584
34.5745
34.7371
34.9460
35.2247
35.3408
35.5265
35.5730
35.6891
36.0606
36.3857
36.7572
37.1055
37.3609
37.4073
37.5931
37.7324
37.8950
37.9646
38.3361
38.4522
38.6612
39.0095
39.2649
39.5436
39.6365
39.8687
40.1009
40.2634
40.5885
40.7510
40.9368
41.2154
41.4244
41.8191
41.8888
42.1674
42.3532
42.4693
42.7712
42.8408
43.1195
43.3517
43.4213
43.6767
43.7928
44.0715
44.4198
44.6288
44.9771
45.0235
45.2093
45.2789
45.5111
45.9059
46.0452
46.1613
46.3470
46.6721
46.9507
47.1597
47.2990
47.6241
47.8099
48.0885
48.3207
48.8083
49.0173
49.4353
49.7371
49.9461
50.1783
50.4570
51.1303
51.4090
51.6412
51.9430
52.5932
53.5220
53.9864
54.2650
54.7527
55.2171
55.7047
56.1691
56.6567
56.8657
57.0979
57.5855
58.0499
58.7697
59.0251
59.2805
59.4199
59.9539
60.1629
60.6505
60.9059
61.1614
61.3007
61.4168
61.4864
61.6490
61.8580
62.1134
62.3688
63.0190
63.0654
63.7852
64.0406
64.2032
64.3193
64.6676
64.9230
64.9694
65.2249
65.5499
65.6893
65.9679
66.5252
66.9431
67.2682
67.5004
67.6165
67.6862
67.8255
67.8719
68.1273
68.4292
68.7775
69.7295
70.1010
70.4029
70.4493
70.6351
70.6815
70.9370
71.3085
71.6336
72.5856
72.8410
73.2822
73.6073
73.9091
74.1645
74.5593
74.8844
75.2327
75.4416
75.7435
76.0454
76.1615
76.3937
76.4633
76.7187
76.8813
77.1831
77.3457
83.1971
83.9634
84.0098
84.1491
84.3813
84.9618
85.1476
85.3566
85.4030
85.6352
85.6816
86.1693
86.4015
86.5176
86.6569
86.7730
86.8891
87.0748
87.1909
87.5392
87.7018
87.8179
88.0501
88.1894
88.4912
88.6538
89.0950
89.2343
89.3968
89.5129
89.6987
89.7916
89.9773
90.0470
90.3256
90.4417
90.6739
90.8132
91.1615
91.6492
91.8814
91.9742
92.1600
92.3225
92.5083
92.8334
93.0424
93.3210
93.7854
94.0176
94.3195
94.5052
94.7606
94.9696
95.4572
95.6894
95.9681
96.2235
96.6647
96.8737
97.3613
97.4077
97.8489
98.2668
98.5455
98.7777
99.0099
99.1492
99.2653
99.4743
99.7297
100.1941
100.4495
100.5656
100.7049
101.0997
101.8892
102.9108
103.0734
103.4449
103.7235
104.0254
104.4434
104.5595
104.7220
105.0239
105.3954
105.7669
106.4867
106.8118
107.2762
107.6709
107.7638
108.0192
108.1585
108.5533
108.6694
108.7855
108.9480
110.0626
110.2716
110.5270
110.7127
111.1307
111.4326
112.1756
112.3614
112.5936
112.7561
113.1973
114.0332
114.1725
114.3351
114.4976
114.6834
115.2174
115.9372
116.2159
116.7964
117.1215
117.6091
117.8877
118.8629
119.0023
119.2345
120.1400
120.1865
120.5812
120.9295
121.0688
121.6493
123.9481
124.7376
125.9218
126.2005
126.6416
128.5689
128.7779
129.6834
129.7299
130.1014
130.4497
130.6819
130.8677
131.0534
131.4017
131.8893
134.7454
134.8615
135.5117
135.8600
136.4172
136.9745
137.3693
137.7176
137.8337
138.0194
138.2980
138.5535
141.5953
142.5937
143.0117
143.5458
143.8012
144.0102
144.4978
144.9157
145.2408
145.6356
146.0071
146.2393