2.0898
2.5774
3.0418
3.4133
3.9938
4.3654
4.7137
4.9923
5.3174
5.6657
5.9211
6.3623
6.8499
7.2214
7.8251
8.1734
8.5449
8.8468
9.1022
9.1487
9.3809
9.5898
10.1936
10.6812
11.0527
11.2849
11.6332
11.9583
12.0047
12.3530
12.6549
12.7942
13.2586
13.5372
13.6069
14.0249
14.4893
14.6982
14.9072
15.4645
15.6967
15.9289
16.1611
16.4165
16.6487
16.8809
17.2756
17.4150
17.8097
17.9490
18.6456
19.2726
19.5976
19.9692
20.5497
20.9212
22.1286
22.4537
22.8484
23.0806
23.4289
23.7772
24.3810
24.5667
25.5420
26.0296
26.2618
26.8887
27.1906
27.2370
27.5853
27.9104
28.2122
28.5373
29.2804
29.7448
30.1395
30.6968
30.9058
31.0451
31.3934
33.7850
33.9011
34.8532
35.2015
35.6426
35.8052
36.1302
36.9662
37.1055
37.3377
37.7092
38.0575
38.3129
38.4290
38.6380
39.0095
39.5900
39.9615
40.2866
40.7046
41.1690
41.4012
41.7495
42.4461
42.8176
43.4213
43.7696
44.6288
44.9771
45.0235
45.5576
47.8331
49.7371
53.5452
54.2883
58.0963
63.0654
63.7852
64.0871
64.3657
64.7372
65.3410
65.6893
66.1769
66.2930
66.6413
66.8735
67.1289
67.8255
68.1738
68.5453
68.8936
69.1490
69.4973
70.1010
71.3085
71.6336
71.9819
72.3534
72.5856
72.8410
72.9571
73.2822
73.5376
73.9323
74.2574
74.4896
74.9308
75.2094
75.4416
75.6971
75.7899
75.8364
76.1615
76.5330
76.6491
76.8813
78.2977
78.7621
79.0407
79.2497
79.6212
79.9463
80.2249
80.4107
80.5500
80.9215
81.1770
81.2234
81.5253
81.7110
81.8968
82.1290
82.2915
82.5934
82.8488
83.0578
83.2900
83.4293
83.7776
84.4974
84.9618
85.3101
85.9371
86.1228
86.4015
88.3287
88.4912
92.1136
95.0625
95.9216
100.1941
125.3181
126.2933
127.6169
128.8011
129.1494
129.4977
130.1014
130.4497
130.7516
131.0534
131.4017
131.8661
132.6092
132.9575
133.3290
133.6541
134.2578
134.7454
135.2098
135.4420
135.9064
136.0689
136.3940
136.7423
137.1138
137.6015
138.0659
139.2268
139.5519
139.9699
140.1092
140.2253
140.2717
140.5736
140.8058
140.9219
141.2470
141.5953
141.8971
142.1758
142.5473
142.8492
143.1046
143.7780
144.0334
144.7532
145.7052