0.3947
0.6037
0.7198
5.9211
6.3855
6.8499
7.1982
7.8019
8.1502
8.5449
8.7539
8.9165
9.1254
9.2415
9.4970
9.7292
9.9614
10.1703
10.4490
10.6580
10.9134
11.1456
11.4010
11.6100
11.8654
12.0047
12.0744
12.3530
12.5620
12.8174
13.0264
13.2818
13.5372
13.7694
13.9784
14.2571
14.4893
14.7215
14.9537
15.2091
15.4413
15.6735
15.9057
16.1611
16.3933
16.6255
16.8577
17.3453
17.5775
17.7865
18.2741
18.5295
18.6456
18.7385
19.0171
19.2261
19.4815
19.5976
19.6905
19.9692
20.1781
20.4336
20.5497
20.6658
20.9212
21.1302
21.3856
21.5946
21.8732
22.0822
22.3376
22.4537
22.5698
22.8252
23.0574
23.2896
23.4057
23.5218
23.7540
23.9862
24.2416
24.3577
24.4738
24.7293
24.9382
25.1937
25.4026
25.6813
25.8902
26.1457
26.2618
26.3779
26.6333
26.8655
27.0977
27.2138
27.3299
27.5853
27.7943
28.0497
28.1658
28.2819
28.5373
28.7463
29.0017
29.2107
29.6983
29.9770
30.0698
30.1859
30.4414
30.6503
30.9058
31.0219
31.1380
31.3934
32.0900
32.6008
32.8098
33.0420
33.2974
33.5296
33.7618
33.8779
33.9940
34.2494
34.4584
34.7371
34.8299
34.9460
35.2015
35.4104
35.6659
35.8980
36.1535
36.3857
36.6179
36.8268
37.1055
37.3145
37.5699
37.6860
37.8021
38.0575
38.2665
38.5219
38.6612
38.7541
39.0095
39.2417
39.4739
39.6132
39.7061
39.9615
40.1705
40.2170
40.4259
40.6349
40.9136
41.1225
41.3780
41.5173
41.6102
41.8656
42.0746
42.3300
42.4693
42.5622
42.8176
43.0266
43.2820
43.4213
43.5142
43.7696
43.9786
44.2340
44.4430
44.7216
44.9306
45.1860
45.3254
45.4182
45.6737
45.9059
46.1613
46.2541
46.6024
46.8346
46.8811
46.9972
47.1133
47.2294
47.3687
47.8099
48.2975
48.8083
49.2263
49.7139
50.2015
50.6892
51.1303
51.6180
52.0824
52.5932
53.0344
53.5220
53.9864
54.4972
54.7294
54.9384
55.4260
55.6815
55.8208
55.9369
56.1459
56.4013
56.6335
56.8657
57.1211
57.3533
57.7248
57.8409
58.0731
58.3053
58.5375
58.7929
59.0251
59.2341
59.6288
59.9771
60.4648
60.6970
61.1614
61.5097
61.8580
62.1134
62.3456
62.5778
63.0422
63.5066
63.9942
64.2496
64.3889
64.4818
64.7372
64.9462
65.2945
65.4338
65.6893
65.8982
66.1304
66.3859
66.6180
66.8502
67.0824
67.3146
67.5933
67.8023
68.0345
68.1738
68.2899
68.5453
68.7543
69.0097
69.1258
69.2419
69.4741
69.7063
69.9617
70.1010
70.1939
70.4261
70.6583
70.9137
71.1227
71.6103
71.8658
71.9819
72.0980
72.3534
72.5624
72.8178
72.9339
73.0500
73.3054
73.5144
73.7466
74.0020
74.2342
74.4664
74.6986
74.9308
75.2094
75.4184
75.6738
75.7899
75.9060
76.1615
76.3704
76.6026
76.8348
77.0902
77.3457
77.8101
78.2977
78.6460
78.7853
79.0175
79.2265
79.5980
79.7373
79.9695
80.1785
80.5500
80.6893
80.9215
81.1305
81.3859
81.5020
81.6414
81.8736
82.1058
82.4541
82.5934
82.8256
83.0578
83.2900
83.4293
83.5454
83.7776
84.0098
84.3581
84.4742
84.7296
84.9618
85.3101
85.4262
85.9138
86.4015
86.6337
86.8426
87.3302
87.5857
87.8179
88.0501
88.2590
88.3055
88.5145
88.7467
89.0021
89.2575
89.6987
89.9541
90.2095
90.4185
90.6507
91.1383
91.3705
91.6259
91.8581
92.0903
92.3458
92.5780
92.8102
93.0424
93.2746
93.5068
93.7854
94.0176
94.2498
94.4588
94.7374
94.8767
95.2018
95.4340
95.6662
95.8984
96.1538
96.3628
96.6182
96.8504
97.1059
97.3148
97.5702
97.8257
98.0579
98.2668
98.5455
98.7545
99.0099
99.7297
100.1941
100.6817
101.1229
101.4944
101.8659
102.0981
102.3303
102.5625
102.8180
103.0734
103.3985
103.7468
104.0254
104.2344
104.4666
104.9542
105.3025
105.6508
105.9294
106.1384
106.3938
106.6260
106.8582
107.2065
107.5548
108.0657
108.2746
108.5533
108.7623
109.1106
109.4589
109.9465
110.2019
110.4341
110.6895
111.0146
111.3629
111.6415
111.8505
112.1059
112.5703
112.9186
113.2902
113.5456
113.7546
114.0100
114.2422
114.4976
114.8227
115.1942
115.4264
115.6586
115.9140
116.1694
116.3784
116.7499
116.8893
117.0982
117.3304
117.5859
117.8180
118.0502
118.1896
118.3057
118.6540
118.7933
119.0023
119.2345
119.4899
119.7221
119.9775
120.1865
120.4419
120.6741
120.9295
121.1617
121.6261
121.8815
122.1137
122.5781
122.8336
123.0658
123.9946
124.2732
124.4590
124.7376
124.9466
125.1788
125.4110
125.6896
125.8754
125.9218
126.1540
126.3630
126.6416
126.8506
127.0828
127.3382
127.5937
127.8026
128.0580
128.2670
128.5457
128.7546
129.0101
129.1262
129.2423
129.4977
129.7067
129.9621
130.1711
130.4265
130.6587
130.9141
131.1463
131.4017
131.6107
132.0751
132.5627
132.8181
133.0271
133.3058
133.5147
133.7702
133.9791
134.2578
134.4668
134.7222
134.9312
135.2098
135.4188
135.6742
135.8832
136.3708
136.6262
136.7423
136.8584
137.1138
137.3228
137.5782
137.8104
138.0659
138.2748
138.5302
138.7624
139.2268
139.5984
139.7377
139.9699
140.1789
140.5504
140.6897
140.9219
141.1309
141.5024
141.6417
141.8739
142.0829
142.4544
142.5937
142.8259
143.0581
143.3136
143.4297
143.5458
143.7780
144.0102
144.2656
144.3817
144.4978
144.7300
144.9622
145.2176
145.3337
145.4498
145.6820
145.9142
146.1696
146.4018