0.2090
0.3947
0.7198
0.8824
1.0913
1.1842
1.4396
1.6951
1.9040
2.0898
2.6006
3.0650
3.4133
3.7849
3.9010
4.0171
4.3886
4.7369
4.9691
5.3406
5.6889
5.9211
6.4087
6.8963
8.8468
9.0326
9.1951
9.3809
9.5666
9.8220
10.0542
10.2632
10.5883
10.7508
11.0063
11.0527
11.2385
11.2849
11.5403
11.7029
11.9583
12.0047
12.3530
12.4691
12.6549
13.2818
13.6069
13.7927
14.0945
14.2338
14.3732
14.5821
14.6286
14.7215
15.2091
15.4413
15.5109
15.6735
15.9753
16.1611
16.4165
16.4629
16.6255
16.6951
16.8809
16.9970
17.4150
18.6456
19.2726
19.5976
19.9459
20.5497
20.8980
22.4537
22.8484
23.1271
23.7540
24.3810
24.7293
25.0311
25.0776
25.5187
25.8206
26.0063
26.2618
26.8887
27.5853
27.8872
28.1890
28.5141
28.8392
29.9305
30.4646
30.9058
31.3934
32.0668
32.2293
32.5312
32.6705
32.8330
33.4367
33.7618
33.9011
34.7138
34.8532
35.1782
35.6426
35.6891
36.1767
36.4553
36.5018
36.6179
36.9429
37.1287
37.5931
38.4058
38.5451
38.6612
38.9863
39.4971
39.9615
40.2634
40.7510
40.9136
41.4012
41.8424
41.8888
42.1674
42.3532
42.7944
43.1427
43.2820
43.6535
44.6984
44.7449
45.1860
45.3254
45.6737
45.9291
46.3470
46.9507
47.5080
47.8331
50.9446
51.2697
54.2883
55.4725
56.4013
59.2805
59.4199
60.4648
63.0422
64.0871
64.3889
64.7372
65.0391
65.3410
65.6660
65.9911
66.1769
66.2930
66.5252
66.6413
66.8967
66.9431
67.5933
67.8487
68.0345
68.1970
68.5221
68.8239
69.3348
69.4741
69.7760
70.1010
71.4014
71.7032
71.8890
72.0051
72.3534
72.6552
72.9571
73.3054
73.6073
74.0949
74.2574
74.5128
74.5825
75.0701
75.2094
75.4881
75.6738
75.8364
76.0221
76.1615
76.6491
76.9741
77.3689
77.8333
78.0423
78.3441
79.1568
79.3194
79.6212
79.9231
79.9927
80.2714
80.5732
80.9448
81.2234
81.5253
81.8736
82.1290
82.5934
82.8488
83.0578
83.1971
83.3132
83.7776
84.2652
84.7528
84.9850
85.3333
85.6816
85.9371
90.0702
90.4417
91.6492
93.5532
94.0176
94.2730
94.7374
94.9696
95.1786
95.9913
96.4093
96.8737
97.1291
98.3133
98.5455
98.7777
99.1028
99.2885
99.4743
99.7297
101.0997
102.9108
106.2545
106.4867
106.7189
106.9511
110.6199
111.6415
112.1292
113.5456
113.8010
114.4512
115.2174
115.4496
115.7050
115.9372
116.7732
117.1215
117.6091
118.6772
118.8629
120.5812
125.3413
125.6896
126.2933
126.6416
126.9435
127.2454
128.5689
129.1494
129.4977
130.7516
131.0534
132.9575
134.2578
134.8615
135.2330
136.7655
137.1138
138.9714
139.2501
141.5953
142.6402
144.7532
145.7052
146.4018
146.4715